{
  "metadata": {
    "source": "Mankowska HCSRP",
    "seed": 1,
    "sigma": 0.15
  },
  "parameters": {
    "p": 10
  },
  "sets": {
    "customers": [
      1,
      2,
      3,
      4,
      5,
      6,
      7,
      8,
      9,
      10,
      11,
      12,
      13,
      14,
      15,
      16,
      17,
      18,
      19,
      20,
      21,
      22,
      23,
      24,
      25,
      26,
      27,
      28,
      29,
      30,
      31,
      32,
      33,
      34,
      35,
      36,
      37,
      38,
      39,
      40,
      41,
      42,
      43,
      44,
      45,
      46,
      47,
      48,
      49,
      50
    ],
    "facilities": [
      1000,
      1001,
      1002,
      1003,
      1004,
      1005,
      1006,
      1007,
      1008,
      1009,
      1010,
      1011,
      1012,
      1013,
      1014,
      1015,
      1016,
      1017,
      1018,
      1019
    ],
    "vehicles": [
      0,
      1,
      2,
      3,
      4,
      5,
      6,
      7,
      8,
      9
    ]
  },
  "coordinates": {
    "customers": {
      "1": {
        "x": 10.0,
        "y": 46.0
      },
      "2": {
        "x": 28.0,
        "y": 46.0
      },
      "3": {
        "x": 49.0,
        "y": 29.0
      },
      "4": {
        "x": 59.0,
        "y": 43.0
      },
      "5": {
        "x": 85.0,
        "y": 11.0
      },
      "6": {
        "x": 77.0,
        "y": 1.0
      },
      "7": {
        "x": 81.0,
        "y": 3.0
      },
      "8": {
        "x": 76.0,
        "y": 23.0
      },
      "9": {
        "x": 86.0,
        "y": 31.0
      },
      "10": {
        "x": 11.0,
        "y": 43.0
      },
      "11": {
        "x": 85.0,
        "y": 18.0
      },
      "12": {
        "x": 78.0,
        "y": 46.0
      },
      "13": {
        "x": 57.0,
        "y": 10.0
      },
      "14": {
        "x": 46.0,
        "y": 39.0
      },
      "15": {
        "x": 38.0,
        "y": 47.0
      },
      "16": {
        "x": 22.0,
        "y": 48.0
      },
      "17": {
        "x": 92.0,
        "y": 36.0
      },
      "18": {
        "x": 61.0,
        "y": 27.0
      },
      "19": {
        "x": 53.0,
        "y": 33.0
      },
      "20": {
        "x": 57.0,
        "y": 36.0
      },
      "21": {
        "x": 32.0,
        "y": 16.0
      },
      "22": {
        "x": 70.0,
        "y": 23.0
      },
      "23": {
        "x": 28.0,
        "y": 6.0
      },
      "24": {
        "x": 24.0,
        "y": 5.0
      },
      "25": {
        "x": 39.0,
        "y": 12.0
      },
      "26": {
        "x": 57.0,
        "y": 46.0
      },
      "27": {
        "x": 29.0,
        "y": 26.0
      },
      "28": {
        "x": 7.0,
        "y": 49.0
      },
      "29": {
        "x": 30.0,
        "y": 32.0
      },
      "30": {
        "x": 26.0,
        "y": 28.0
      },
      "31": {
        "x": 75.0,
        "y": 34.0
      },
      "32": {
        "x": 71.0,
        "y": 49.0
      },
      "33": {
        "x": 95.0,
        "y": 36.0
      },
      "34": {
        "x": 50.0,
        "y": 38.0
      },
      "35": {
        "x": 65.0,
        "y": 16.0
      },
      "36": {
        "x": 46.0,
        "y": 38.0
      },
      "37": {
        "x": 30.0,
        "y": 34.0
      },
      "38": {
        "x": 3.0,
        "y": 24.0
      },
      "39": {
        "x": 20.0,
        "y": 32.0
      },
      "40": {
        "x": 99.0,
        "y": 47.0
      },
      "41": {
        "x": 44.0,
        "y": 43.0
      },
      "42": {
        "x": 26.0,
        "y": 28.0
      },
      "43": {
        "x": 98.0,
        "y": 36.0
      },
      "44": {
        "x": 92.0,
        "y": 39.0
      },
      "45": {
        "x": 80.0,
        "y": 13.0
      },
      "46": {
        "x": 9.0,
        "y": 1.0
      },
      "47": {
        "x": 79.0,
        "y": 47.0
      },
      "48": {
        "x": 14.0,
        "y": 29.0
      },
      "49": {
        "x": 27.0,
        "y": 17.0
      },
      "50": {
        "x": 0.0,
        "y": 0.0
      }
    },
    "facilities": {
      "1000": {
        "x": 71.50891721986922,
        "y": 3.8282494558699316
      },
      "1001": {
        "x": 106.78298325557022,
        "y": 33.62408475376425
      },
      "1002": {
        "x": 14.331987942612267,
        "y": 30.442331511654345
      },
      "1003": {
        "x": 47.580815751497354,
        "y": 4.433833325460701
      },
      "1004": {
        "x": 37.75775187301144,
        "y": 11.916244827637012
      },
      "1005": {
        "x": 22.66168900515145,
        "y": 0.6173308308196859
      },
      "1006": {
        "x": 89.37562074675377,
        "y": 35.192069314754676
      },
      "1007": {
        "x": 94.79563229180971,
        "y": 37.42979410531818
      },
      "1008": {
        "x": 91.75155951325146,
        "y": 12.129086453048668
      },
      "1009": {
        "x": 30.84588725864891,
        "y": 39.718125317894355
      },
      "1010": {
        "x": 35.850868243521305,
        "y": 35.1989305759058
      },
      "1011": {
        "x": 62.41779919611613,
        "y": 19.65390370720258
      },
      "1012": {
        "x": 24.429688151665367,
        "y": 36.22383539390559
      },
      "1013": {
        "x": 18.728811735989193,
        "y": 44.4421399992283
      },
      "1014": {
        "x": 34.60071386548654,
        "y": 9.40611132828142
      },
      "1015": {
        "x": 26.067370218658354,
        "y": 35.75161212287119
      },
      "1016": {
        "x": 85.64958001663715,
        "y": 52.92394836856626
      },
      "1017": {
        "x": 14.105676411592007,
        "y": 30.78004515965103
      },
      "1018": {
        "x": -0.3094833969731674,
        "y": -4.145200529138647
      },
      "1019": {
        "x": 33.94808495108606,
        "y": 44.28627998601549
      }
    }
  },
  "time_windows": {
    "e": {
      "1": 134.0,
      "2": 140.0,
      "3": 450.0,
      "4": 181.0,
      "5": 408.0,
      "6": 162.0,
      "7": 69.0,
      "8": 244.0,
      "9": 19.0,
      "10": 121.0,
      "11": 465.0,
      "12": 322.0,
      "13": 197.0,
      "14": 334.0,
      "15": 21.0,
      "16": 166.0,
      "17": 336.0,
      "18": 297.0,
      "19": 286.0,
      "20": 19.0,
      "21": 271.0,
      "22": 132.0,
      "23": 25.0,
      "24": 155.0,
      "25": 358.0,
      "26": 73.0,
      "27": 77.0,
      "28": 59.0,
      "29": 266.0,
      "30": 473.0,
      "31": 398.0,
      "32": 275.0,
      "33": 42.0,
      "34": 168.0,
      "35": 32.0,
      "36": 57.0,
      "37": 441.0,
      "38": 294.0,
      "39": 393.0,
      "40": 67.0,
      "41": 217.0,
      "42": 89.0,
      "43": 272.0,
      "44": 34.0,
      "45": 230.0,
      "46": 262.0,
      "47": 248.0,
      "48": 335.0,
      "49": 124.0,
      "50": 14.0
    },
    "l": {
      "1": 254.0,
      "2": 260.0,
      "3": 570.0,
      "4": 301.0,
      "5": 528.0,
      "6": 282.0,
      "7": 189.0,
      "8": 364.0,
      "9": 139.0,
      "10": 241.0,
      "11": 585.0,
      "12": 442.0,
      "13": 317.0,
      "14": 454.0,
      "15": 141.0,
      "16": 286.0,
      "17": 456.0,
      "18": 417.0,
      "19": 406.0,
      "20": 139.0,
      "21": 391.0,
      "22": 252.0,
      "23": 145.0,
      "24": 275.0,
      "25": 478.0,
      "26": 193.0,
      "27": 197.0,
      "28": 179.0,
      "29": 386.0,
      "30": 593.0,
      "31": 518.0,
      "32": 395.0,
      "33": 162.0,
      "34": 288.0,
      "35": 152.0,
      "36": 177.0,
      "37": 561.0,
      "38": 414.0,
      "39": 513.0,
      "40": 187.0,
      "41": 337.0,
      "42": 209.0,
      "43": 392.0,
      "44": 154.0,
      "45": 350.0,
      "46": 382.0,
      "47": 368.0,
      "48": 455.0,
      "49": 244.0,
      "50": 134.0
    }
  },
  "travel_time": {
    "matrix": {
      "1,1": 0.0,
      "1,2": 18.0,
      "1,3": 42.5440947723653,
      "1,4": 49.09175083453431,
      "1,5": 82.76472678623425,
      "1,6": 80.7093550959243,
      "1,7": 83.00602387778854,
      "1,8": 69.8927750200262,
      "1,9": 77.46612162745726,
      "1,10": 3.1622776601683795,
      "1,11": 80.05623023850174,
      "1,12": 68.0,
      "1,13": 59.20304046246274,
      "1,14": 36.6742416417845,
      "1,15": 28.0178514522438,
      "1,16": 12.165525060596439,
      "1,17": 82.60750571225353,
      "1,18": 54.42425929675111,
      "1,19": 44.9221548904324,
      "1,20": 48.05205510693585,
      "1,21": 37.20215047547655,
      "1,22": 64.25729530566937,
      "1,23": 43.86342439892262,
      "1,24": 43.32435804486894,
      "1,25": 44.68780594300866,
      "1,26": 47.0,
      "1,27": 27.586228448267445,
      "1,28": 4.242640687119285,
      "1,29": 24.413111231467404,
      "1,30": 24.08318915758459,
      "1,31": 66.09841147864296,
      "1,32": 61.07372593840988,
      "1,33": 85.58621384311844,
      "1,34": 40.792156108742276,
      "1,35": 62.64982043070834,
      "1,36": 36.87817782917155,
      "1,37": 23.323807579381203,
      "1,38": 23.08679276123039,
      "1,39": 17.204650534085253,
      "1,40": 89.00561780022652,
      "1,41": 34.132096331752024,
      "1,42": 24.08318915758459,
      "1,43": 88.56635930193812,
      "1,44": 82.29823813423954,
      "1,45": 77.38862965578342,
      "1,46": 45.0111097397076,
      "1,47": 69.00724599634447,
      "1,48": 17.46424919657298,
      "1,49": 33.61547262794322,
      "1,50": 47.07440918375928,
      "1,1000": 74.5774995660022,
      "1,1001": 97.57104655598398,
      "1,1002": 16.149525328262794,
      "1,1003": 56.03627329296241,
      "1,1004": 43.95674186849215,
      "1,1005": 47.1158681272291,
      "1,1006": 80.10805536667056,
      "1,1007": 85.22762278067505,
      "1,1008": 88.49043037161559,
      "1,1009": 21.771838808928862,
      "1,1010": 28.01661095935768,
      "1,1011": 58.66636568284852,
      "1,1012": 17.429552333888697,
      "1,1013": 8.866740218611746,
      "1,1014": 44.09430587739958,
      "1,1015": 19.05754023539004,
      "1,1016": 75.96578188700593,
      "1,1017": 15.763997086366295,
      "1,1018": 51.19400925909195,
      "1,1019": 24.00932337886192,
      "2,1": 18.0,
      "2,2": 0.0,
      "2,3": 27.018512172212592,
      "2,4": 31.144823004794873,
      "2,5": 66.88796603276258,
      "2,6": 66.52818951391959,
      "2,7": 68.24954212300622,
      "2,8": 53.225933528685054,
      "2,9": 59.90826320300064,
      "2,10": 17.26267650163207,
      "2,11": 63.50590523722971,
      "2,12": 50.0,
      "2,13": 46.22769732530488,
      "2,14": 19.313207915827967,
      "2,15": 10.04987562112089,
      "2,16": 6.324555320336759,
      "2,17": 64.77653896280658,
      "2,18": 38.07886552931954,
      "2,19": 28.178005607210743,
      "2,20": 30.675723300355934,
      "2,21": 30.265491900843113,
      "2,22": 47.885279575251516,
      "2,23": 40.0,
      "2,24": 41.19465984809196,
      "2,25": 35.73513677041127,
      "2,26": 29.0,
      "2,27": 20.024984394500787,
      "2,28": 21.213203435596427,
      "2,29": 14.142135623730951,
      "2,30": 18.110770276274835,
      "2,31": 48.507731342539614,
      "2,32": 43.104524124504614,
      "2,33": 67.7421582177598,
      "2,34": 23.40939982143925,
      "2,35": 47.634021455258214,
      "2,36": 19.697715603592208,
      "2,37": 12.165525060596439,
      "2,38": 33.301651610693426,
      "2,39": 16.1245154965971,
      "2,40": 71.00704190430693,
      "2,41": 16.278820596099706,
      "2,42": 18.110770276274835,
      "2,43": 70.71067811865476,
      "2,44": 64.38167441127949,
      "2,45": 61.587336360651285,
      "2,46": 48.84669896727925,
      "2,47": 51.0098029794274,
      "2,48": 22.02271554554524,
      "2,49": 29.017236257093817,
      "2,50": 53.85164807134504,
      "2,1000": 60.592758821510735,
      "2,1001": 79.7491174172446,
      "2,1002": 20.70882909278455,
      "2,1003": 45.9473019611562,
      "2,1004": 35.45301240042711,
      "2,1005": 45.69556023507088,
      "2,1006": 62.319966204631555,
      "2,1007": 67.34318764611525,
      "2,1008": 72.19072049007887,
      "2,1009": 6.89645008759,
      "2,1010": 13.352873581414375,
      "2,1011": 43.343992563832025,
      "2,1012": 10.407714499341907,
      "2,1013": 9.4011626732408,
      "2,1014": 37.184433727732895,
      "2,1015": 10.429022578928933,
      "2,1016": 58.063888408418016,
      "2,1017": 20.60823265885876,
      "2,1018": 57.584442224536886,
      "2,1019": 6.190036419252114,
      "3,1": 42.5440947723653,
      "3,2": 27.018512172212592,
      "3,3": 0.0,
      "3,4": 17.204650534085253,
      "3,5": 40.24922359499622,
      "3,6": 39.59797974644666,
      "3,7": 41.23105625617661,
      "3,8": 27.65863337187866,
      "3,9": 37.05401462729781,
      "3,10": 40.496913462633174,
      "3,11": 37.64306044943742,
      "3,12": 33.61547262794322,
      "3,13": 20.615528128088304,
      "3,14": 10.44030650891055,
      "3,15": 21.095023109728988,
      "3,16": 33.015148038438355,
      "3,17": 43.56604182158393,
      "3,18": 12.165525060596439,
      "3,19": 5.656854249492381,
      "3,20": 10.63014581273465,
      "3,21": 21.400934559032695,
      "3,22": 21.840329667841555,
      "3,23": 31.144823004794873,
      "3,24": 34.655446902326915,
      "3,25": 19.72308292331602,
      "3,26": 18.788294228055936,
      "3,27": 20.223748416156685,
      "3,28": 46.51881339845203,
      "3,29": 19.235384061671343,
      "3,30": 23.021728866442675,
      "3,31": 26.476404589747453,
      "3,32": 29.732137494637012,
      "3,33": 46.52956049652737,
      "3,34": 9.055385138137417,
      "3,35": 20.615528128088304,
      "3,36": 9.486832980505138,
      "3,37": 19.6468827043885,
      "3,38": 46.2709412050371,
      "3,39": 29.154759474226502,
      "3,40": 53.14132102234569,
      "3,41": 14.866068747318506,
      "3,42": 23.021728866442675,
      "3,43": 49.49747468305833,
      "3,44": 44.14748010928823,
      "3,45": 34.88552708502482,
      "3,46": 48.82622246293481,
      "3,47": 34.9857113690718,
      "3,48": 35.0,
      "3,49": 25.059928172283335,
      "3,50": 56.938563381947034,
      "3,1000": 33.767860161207096,
      "3,1001": 57.96770923301612,
      "3,1002": 34.69800253906113,
      "3,1003": 24.60712557395608,
      "3,1004": 20.45098613118734,
      "3,1005": 38.72056992385957,
      "3,1006": 40.847674022940645,
      "3,1007": 46.5650229857637,
      "3,1008": 45.9600213742747,
      "3,1009": 21.081983297493,
      "3,1010": 14.537070070483127,
      "3,1011": 16.35196780762292,
      "3,1012": 25.61023276197732,
      "3,1013": 33.982414962314735,
      "3,1014": 24.315836700868292,
      "3,1015": 23.905852315819633,
      "3,1016": 43.76696266520802,
      "3,1017": 34.939696327571646,
      "3,1018": 59.41405112423479,
      "3,1019": 21.45298353261335,
      "4,1": 49.09175083453431,
      "4,2": 31.144823004794873,
      "4,3": 17.204650534085253,
      "4,4": 0.0,
      "4,5": 41.23105625617661,
      "4,6": 45.69463863518345,
      "4,7": 45.65084884205331,
      "4,8": 26.248809496813376,
      "4,9": 29.546573405388315,
      "4,10": 48.0,
      "4,11": 36.069377593742864,
      "4,12": 19.235384061671343,
      "4,13": 33.06055050963308,
      "4,14": 13.601470508735444,
      "4,15": 21.37755832643195,
      "4,16": 37.33630940518894,
      "4,17": 33.734255586866,
      "4,18": 16.1245154965971,
      "4,19": 11.661903789690601,
      "4,20": 7.280109889280518,
      "4,21": 38.18376618407357,
      "4,22": 22.825424421026653,
      "4,23": 48.27007354458868,
      "4,24": 51.66236541235796,
      "4,25": 36.89173349139343,
      "4,26": 3.605551275463989,
      "4,27": 34.48187929913333,
      "4,28": 52.3450093132096,
      "4,29": 31.016124838541646,
      "4,30": 36.24913792078372,
      "4,31": 18.35755975068582,
      "4,32": 13.416407864998739,
      "4,33": 36.6742416417845,
      "4,34": 10.295630140987,
      "4,35": 27.65863337187866,
      "4,36": 13.92838827718412,
      "4,37": 30.364452901377952,
      "4,38": 59.135437767890075,
      "4,39": 40.52159917870962,
      "4,40": 40.19950248448356,
      "4,41": 15.0,
      "4,42": 36.24913792078372,
      "4,43": 39.6232255123179,
      "4,44": 33.24154027718932,
      "4,45": 36.61966684720111,
      "4,46": 65.29931086925804,
      "4,47": 20.396078054371138,
      "4,48": 47.12748667179272,
      "4,49": 41.23105625617661,
      "4,50": 73.00684899377592,
      "4,1000": 41.1205429281411,
      "4,1001": 48.69416058940435,
      "4,1002": 46.39963727252753,
      "4,1003": 40.22122550183667,
      "4,1004": 37.64881062004418,
      "4,1005": 55.827981262647484,
      "4,1006": 31.363069322631887,
      "4,1007": 36.226433510347086,
      "4,1008": 45.007532189327996,
      "4,1009": 28.344748467427856,
      "4,1010": 24.428241550270208,
      "4,1011": 23.594947837567716,
      "4,1012": 35.22815447990418,
      "4,1013": 40.297002022145215,
      "4,1014": 41.519567916365446,
      "4,1015": 33.72087233646571,
      "4,1016": 28.43738501137393,
      "4,1017": 46.527707731639374,
      "4,1018": 75.76466692164976,
      "4,1019": 25.08491506504307,
      "5,1": 82.76472678623425,
      "5,2": 66.88796603276258,
      "5,3": 40.24922359499622,
      "5,4": 41.23105625617661,
      "5,5": 0.0,
      "5,6": 12.806248474865697,
      "5,7": 8.94427190999916,
      "5,8": 15.0,
      "5,9": 20.024984394500787,
      "5,10": 80.62257748298549,
      "5,11": 7.0,
      "5,12": 35.6931365951495,
      "5,13": 28.0178514522438,
      "5,14": 48.010415536631214,
      "5,15": 59.20304046246274,
      "5,16": 73.06161783043132,
      "5,17": 25.96150997149434,
      "5,18": 28.844410203711913,
      "5,19": 38.8329756778952,
      "5,20": 37.53664875824692,
      "5,21": 53.23532661682466,
      "5,22": 19.209372712298546,
      "5,23": 57.21887800367987,
      "5,24": 61.29437168288782,
      "5,25": 46.010868281309364,
      "5,26": 44.82186966202994,
      "5,27": 57.97413216254298,
      "5,28": 86.76404785393545,
      "5,29": 58.872744118140105,
      "5,30": 61.40032573203501,
      "5,31": 25.079872407968907,
      "5,32": 40.496913462633174,
      "5,33": 26.92582403567252,
      "5,34": 44.204072210600685,
      "5,35": 20.615528128088304,
      "5,36": 47.43416490252569,
      "5,37": 59.61543424315552,
      "5,38": 83.02409288875127,
      "5,39": 68.30812543175226,
      "5,40": 38.62641583165593,
      "5,41": 52.009614495783374,
      "5,42": 61.40032573203501,
      "5,43": 28.178005607210743,
      "5,44": 28.861739379323623,
      "5,45": 5.385164807134504,
      "5,46": 76.6550715869472,
      "5,47": 36.49657518178932,
      "5,48": 73.24616030891995,
      "5,49": 58.309518948453004,
      "5,50": 85.70880934886448,
      "5,1000": 15.278852065766303,
      "5,1001": 31.40617089773856,
      "5,1002": 73.29373904196841,
      "5,1003": 37.990918580908506,
      "5,1004": 47.251132395701646,
      "5,1005": 63.19703186675069,
      "5,1006": 24.58459425431538,
      "5,1007": 28.1866711132382,
      "5,1008": 6.845318990334517,
      "5,1009": 61.29762351492306,
      "5,1010": 54.78344086887215,
      "5,1011": 24.18358622124659,
      "5,1012": 65.6125334778604,
      "5,1013": 74.23103880218805,
      "5,1014": 50.424483378279575,
      "5,1015": 63.91945834897023,
      "5,1016": 41.92898044322356,
      "5,1017": 73.60200611108189,
      "5,1018": 86.64343631531624,
      "5,1019": 60.94484773521828,
      "6,1": 80.7093550959243,
      "6,2": 66.52818951391959,
      "6,3": 39.59797974644666,
      "6,4": 45.69463863518345,
      "6,5": 12.806248474865697,
      "6,6": 0.0,
      "6,7": 4.47213595499958,
      "6,8": 22.02271554554524,
      "6,9": 31.32091952673165,
      "6,10": 78.23042886243178,
      "6,11": 18.788294228055936,
      "6,12": 45.0111097397076,
      "6,13": 21.93171219946131,
      "6,14": 49.040799340956916,
      "6,15": 60.30754513325841,
      "6,16": 72.34638899074369,
      "6,17": 38.07886552931954,
      "6,18": 30.528675044947494,
      "6,19": 40.0,
      "6,20": 40.311288741492746,
      "6,21": 47.43416490252569,
      "6,22": 23.08679276123039,
      "6,23": 49.25444142409901,
      "6,24": 53.150729063673246,
      "6,25": 39.56008088970496,
      "6,26": 49.24428900898052,
      "6,27": 54.120236510939236,
      "6,28": 84.87638069569178,
      "6,29": 56.302753041036986,
      "6,30": 57.706152185014034,
      "6,31": 33.06055050963308,
      "6,32": 48.373546489791295,
      "6,33": 39.35733730830886,
      "6,34": 45.803929962395145,
      "6,35": 19.209372712298546,
      "6,36": 48.27007354458868,
      "6,37": 57.42821606144492,
      "6,38": 77.4919350642375,
      "6,39": 64.88451279003334,
      "6,40": 50.99019513592785,
      "6,41": 53.41348144429457,
      "6,42": 57.706152185014034,
      "6,43": 40.8166632639171,
      "6,44": 40.85339643163099,
      "6,45": 12.36931687685298,
      "6,46": 68.0,
      "6,47": 46.04345773288535,
      "6,48": 68.94200461257273,
      "6,49": 52.49761899362675,
      "6,50": 77.00649323271382,
      "6,1000": 6.176648369696737,
      "6,1001": 44.17416663189436,
      "6,1002": 69.23966074488702,
      "6,1003": 29.61890634635909,
      "6,1004": 40.732277608759475,
      "6,1005": 54.33965842242588,
      "6,1006": 36.36280507458783,
      "6,1007": 40.543981393311334,
      "6,1008": 18.47877358897043,
      "6,1009": 60.243633282476566,
      "6,1010": 53.50530718393894,
      "6,1011": 23.677176854565612,
      "6,1012": 63.279983151768526,
      "6,1013": 72.68253510584466,
      "6,1014": 43.22455520164212,
      "6,1015": 61.658797600842796,
      "6,1016": 52.6394495473285,
      "6,1017": 69.58841160246602,
      "6,1018": 77.48050923678753,
      "6,1019": 61.05054810897792,
      "7,1": 83.00602387778854,
      "7,2": 68.24954212300622,
      "7,3": 41.23105625617661,
      "7,4": 45.65084884205331,
      "7,5": 8.94427190999916,
      "7,6": 4.47213595499958,
      "7,7": 0.0,
      "7,8": 20.615528128088304,
      "7,9": 28.442925306655784,
      "7,10": 80.62257748298549,
      "7,11": 15.524174696260024,
      "7,12": 43.104524124504614,
      "7,13": 25.0,
      "7,14": 50.20956084253277,
      "7,15": 61.5223536610881,
      "7,16": 74.2024258363566,
      "7,17": 34.785054261852174,
      "7,18": 31.240998703626616,
      "7,19": 41.036569057366385,
      "7,20": 40.80441152620633,
      "7,21": 50.695167422546305,
      "7,22": 22.825424421026653,
      "7,23": 53.08483775994799,
      "7,24": 57.0350769263968,
      "7,25": 42.95346318982906,
      "7,26": 49.24428900898052,
      "7,27": 56.859475903318,
      "7,28": 87.13208364316786,
      "7,29": 58.66856057549052,
      "7,30": 60.41522986797286,
      "7,31": 31.575306807693888,
      "7,32": 47.07440918375928,
      "7,33": 35.84689665786984,
      "7,34": 46.75467891024384,
      "7,35": 20.615528128088304,
      "7,36": 49.49747468305833,
      "7,37": 59.682493245507096,
      "7,38": 80.77747210701756,
      "7,39": 67.54257916307313,
      "7,40": 47.53945729601885,
      "7,41": 54.48853090330111,
      "7,42": 60.41522986797286,
      "7,43": 37.12142238654117,
      "7,44": 37.64306044943742,
      "7,45": 10.04987562112089,
      "7,46": 72.02777242147643,
      "7,47": 44.04543109109048,
      "7,48": 71.8679344353238,
      "7,49": 55.78530272392541,
      "7,50": 81.05553651663777,
      "7,1000": 9.527153273693244,
      "7,1001": 40.032446747141876,
      "7,1002": 72.09511349931792,
      "7,1003": 33.44992905583761,
      "7,1004": 44.151913264346874,
      "7,1005": 58.386947531973526,
      "7,1006": 33.263799387012625,
      "7,1007": 37.09083704185476,
      "7,1008": 14.10447629067541,
      "7,1009": 62.15831200839313,
      "7,1010": 55.45462314898438,
      "7,1011": 24.952969671055953,
      "7,1012": 65.60505636686217,
      "7,1013": 74.80074769363951,
      "7,1014": 46.8394280082794,
      "7,1015": 63.95515547116547,
      "7,1016": 50.139996161132494,
      "7,1017": 72.4332895664893,
      "7,1018": 81.62282757221939,
      "7,1019": 62.59744104077959,
      "8,1": 69.8927750200262,
      "8,2": 53.225933528685054,
      "8,3": 27.65863337187866,
      "8,4": 26.248809496813376,
      "8,5": 15.0,
      "8,6": 22.02271554554524,
      "8,7": 20.615528128088304,
      "8,8": 0.0,
      "8,9": 12.806248474865697,
      "8,10": 68.00735254367721,
      "8,11": 10.295630140987,
      "8,12": 23.08679276123039,
      "8,13": 23.021728866442675,
      "8,14": 34.0,
      "8,15": 44.94441010848846,
      "8,16": 59.50630218724736,
      "8,17": 20.615528128088304,
      "8,18": 15.524174696260024,
      "8,19": 25.079872407968907,
      "8,20": 23.021728866442675,
      "8,21": 44.553338819890925,
      "8,22": 6.0,
      "8,23": 50.92150822589606,
      "8,24": 55.02726596879042,
      "8,25": 38.600518131237564,
      "8,26": 29.832867780352597,
      "8,27": 47.095647357266465,
      "8,28": 73.7360156233031,
      "8,29": 46.87216658103186,
      "8,30": 50.24937810560445,
      "8,31": 11.045361017187261,
      "8,32": 26.476404589747453,
      "8,33": 23.021728866442675,
      "8,34": 30.01666203960727,
      "8,35": 13.038404810405298,
      "8,36": 33.54101966249684,
      "8,37": 47.29693436154187,
      "8,38": 73.00684899377592,
      "8,39": 56.71860364994893,
      "8,40": 33.24154027718932,
      "8,41": 37.73592452822641,
      "8,42": 50.24937810560445,
      "8,43": 25.553864678361276,
      "8,44": 22.627416997969522,
      "8,45": 10.770329614269007,
      "8,46": 70.51950084905593,
      "8,47": 24.186773244895647,
      "8,48": 62.289646009589745,
      "8,49": 49.36598018878993,
      "8,50": 79.40403012442127,
      "8,1000": 19.69075527917451,
      "8,1001": 32.564754489599366,
      "8,1002": 62.11547318856616,
      "8,1003": 33.946319069040676,
      "8,1004": 39.8160667385296,
      "8,1005": 57.84426764096989,
      "8,1006": 18.09844702002833,
      "8,1007": 23.695880468359796,
      "8,1008": 19.138662138320765,
      "8,1009": 48.149658478575574,
      "8,1010": 41.96149053590513,
      "8,1011": 13.988300078197362,
      "8,1012": 53.23877240000556,
      "8,1013": 61.1535311565757,
      "8,1014": 43.57401406419194,
      "8,1015": 51.5351445967961,
      "8,1016": 31.441327587462048,
      "8,1017": 62.38137859291639,
      "8,1018": 80.9938217895666,
      "8,1019": 47.13246519039841,
      "9,1": 77.46612162745726,
      "9,2": 59.90826320300064,
      "9,3": 37.05401462729781,
      "9,4": 29.546573405388315,
      "9,5": 20.024984394500787,
      "9,6": 31.32091952673165,
      "9,7": 28.442925306655784,
      "9,8": 12.806248474865697,
      "9,9": 0.0,
      "9,10": 75.95393340703298,
      "9,11": 13.038404810405298,
      "9,12": 17.0,
      "9,13": 35.805027579936315,
      "9,14": 40.792156108742276,
      "9,15": 50.59644256269407,
      "9,16": 66.21933252457322,
      "9,17": 7.810249675906654,
      "9,18": 25.317977802344327,
      "9,19": 33.06055050963308,
      "9,20": 29.427877939124322,
      "9,21": 56.04462507680822,
      "9,22": 17.88854381999832,
      "9,23": 63.15853069855251,
      "9,24": 67.23094525588644,
      "9,25": 50.695167422546305,
      "9,26": 32.64965543462902,
      "9,27": 57.21887800367987,
      "9,28": 81.02468759581859,
      "9,29": 56.00892785976178,
      "9,30": 60.07495318350236,
      "9,31": 11.40175425099138,
      "9,32": 23.430749027719962,
      "9,33": 10.295630140987,
      "9,34": 36.6742416417845,
      "9,35": 25.80697580112788,
      "9,36": 40.607881008493905,
      "9,37": 56.08029957123981,
      "9,38": 83.2946576918352,
      "9,39": 66.007575322837,
      "9,40": 20.615528128088304,
      "9,41": 43.68065933568311,
      "9,42": 60.07495318350236,
      "9,43": 13.0,
      "9,44": 10.0,
      "9,45": 18.973665961010276,
      "9,46": 82.63776376451628,
      "9,47": 17.46424919657298,
      "9,48": 72.02777242147643,
      "9,49": 60.63827174318213,
      "9,50": 91.4166286842826,
      "9,1000": 30.794407085914735,
      "9,1001": 20.947988299506232,
      "9,1002": 71.67018171039311,
      "9,1003": 46.709687754252826,
      "9,1004": 51.87970909541246,
      "9,1005": 70.24847489820695,
      "9,1006": 5.3822170678654535,
      "9,1007": 10.895200762239774,
      "9,1008": 19.727945025546497,
      "9,1009": 55.83889201393753,
      "9,1010": 50.32461061856253,
      "9,1011": 26.169717152467133,
      "9,1012": 61.79151849019246,
      "9,1013": 68.60104881276115,
      "9,1014": 55.75107750621654,
      "9,1015": 60.120694692207074,
      "9,1016": 21.9267486470817,
      "9,1017": 71.8946600546001,
      "9,1018": 93.19072939131743,
      "9,1019": 53.72082553466718,
      "10,1": 3.1622776601683795,
      "10,2": 17.26267650163207,
      "10,3": 40.496913462633174,
      "10,4": 48.0,
      "10,5": 80.62257748298549,
      "10,6": 78.23042886243178,
      "10,7": 80.62257748298549,
      "10,8": 68.00735254367721,
      "10,9": 75.95393340703298,
      "10,10": 0.0,
      "10,11": 78.10889834071403,
      "10,12": 67.06713054842886,
      "10,13": 56.61271941887264,
      "10,14": 35.22782990761707,
      "10,15": 27.294688127912362,
      "10,16": 12.083045973594572,
      "10,17": 81.30190649671138,
      "10,18": 52.49761899362675,
      "10,19": 43.174066289845804,
      "10,20": 46.52956049652737,
      "10,21": 34.20526275297414,
      "10,22": 62.297672508690084,
      "10,23": 40.718546143004666,
      "10,24": 40.162171256046406,
      "10,25": 41.773197148410844,
      "10,26": 46.09772228646444,
      "10,27": 24.758836806279895,
      "10,28": 7.211102550927978,
      "10,29": 21.95449840010015,
      "10,30": 21.213203435596427,
      "10,31": 64.6297145282261,
      "10,32": 60.29925372672534,
      "10,33": 84.29116205154607,
      "10,34": 39.319206502675,
      "10,35": 60.37383539249432,
      "10,36": 35.35533905932738,
      "10,37": 21.02379604162864,
      "10,38": 20.615528128088304,
      "10,39": 14.212670403551895,
      "10,40": 88.09086218218096,
      "10,41": 33.0,
      "10,42": 21.213203435596427,
      "10,43": 87.28115489611719,
      "10,44": 81.09870529176159,
      "10,45": 75.23961722390672,
      "10,46": 42.04759208325728,
      "10,47": 68.11754546370561,
      "10,48": 14.317821063276353,
      "10,49": 30.528675044947494,
      "10,50": 44.384682042344295,
      "10,1000": 72.08158644073076,
      "10,1001": 96.24077965208636,
      "10,1002": 12.992196947125723,
      "10,1003": 53.15548224796143,
      "10,1004": 41.01435262091857,
      "10,1005": 43.957771057653254,
      "10,1006": 78.76358110843218,
      "10,1007": 83.98056432826188,
      "10,1008": 86.45130228657945,
      "10,1009": 20.1154155441057,
      "10,1010": 26.04654174005434,
      "10,1011": 56.46972893758823,
      "10,1012": 15.042371176774882,
      "10,1013": 7.862206981995482,
      "10,1014": 41.05536567914589,
      "10,1015": 16.720190552844205,
      "10,1016": 75.3063380326137,
      "10,1017": 12.608430603119771,
      "10,1018": 48.482722155826885,
      "10,1019": 22.984105793454017,
      "11,1": 80.05623023850174,
      "11,2": 63.50590523722971,
      "11,3": 37.64306044943742,
      "11,4": 36.069377593742864,
      "11,5": 7.0,
      "11,6": 18.788294228055936,
      "11,7": 15.524174696260024,
      "11,8": 10.295630140987,
      "11,9": 13.038404810405298,
      "11,10": 78.10889834071403,
      "11,11": 0.0,
      "11,12": 28.861739379323623,
      "11,13": 29.120439557122072,
      "11,14": 44.294469180700204,
      "11,15": 55.226805085936306,
      "11,16": 69.77822009767804,
      "11,17": 19.313207915827967,
      "11,18": 25.632011235952593,
      "11,19": 35.34119409414458,
      "11,20": 33.28663395418648,
      "11,21": 53.03772242470448,
      "11,22": 15.811388300841896,
      "11,23": 58.249463516842795,
      "11,24": 62.369864518050704,
      "11,25": 46.389654018972806,
      "11,26": 39.59797974644666,
      "11,27": 56.568542494923804,
      "11,28": 83.93449827097318,
      "11,29": 56.753854494650845,
      "11,30": 59.841457201508724,
      "11,31": 18.867962264113206,
      "11,32": 34.0147027033899,
      "11,33": 20.591260281974,
      "11,34": 40.311288741492746,
      "11,35": 20.09975124224178,
      "11,36": 43.829214001622255,
      "11,37": 57.28001396647874,
      "11,38": 82.21921916437786,
      "11,39": 66.49060083951716,
      "11,40": 32.202484376209235,
      "11,41": 48.02082881417188,
      "11,42": 59.841457201508724,
      "11,43": 22.20360331117452,
      "11,44": 22.135943621178654,
      "11,45": 7.0710678118654755,
      "11,46": 77.87810988975015,
      "11,47": 29.614185789921695,
      "11,48": 71.84705978674423,
      "11,49": 58.008620049092706,
      "11,50": 86.88498144098322,
      "11,1000": 19.56649759321765,
      "11,1001": 26.80690925685505,
      "11,1002": 71.75499663151692,
      "11,1003": 39.80246510035238,
      "11,1004": 47.632363841081904,
      "11,1005": 64.71647553085403,
      "11,1006": 17.740160772742488,
      "11,1007": 21.75939592386246,
      "11,1008": 8.947132598590066,
      "11,1009": 58.34676421299409,
      "11,1010": 52.07149282832719,
      "11,1011": 22.642685145972237,
      "11,1012": 63.2524375330206,
      "11,1013": 71.35164442157415,
      "11,1014": 51.126734350733315,
      "11,1015": 61.548148517283146,
      "11,1016": 34.92998888989654,
      "11,1017": 72.03703680288787,
      "11,1018": 88.13692678970718,
      "11,1019": 57.42182987039619,
      "12,1": 68.0,
      "12,2": 50.0,
      "12,3": 33.61547262794322,
      "12,4": 19.235384061671343,
      "12,5": 35.6931365951495,
      "12,6": 45.0111097397076,
      "12,7": 43.104524124504614,
      "12,8": 23.08679276123039,
      "12,9": 17.0,
      "12,10": 67.06713054842886,
      "12,11": 28.861739379323623,
      "12,12": 0.0,
      "12,13": 41.677331968349414,
      "12,14": 32.7566787083184,
      "12,15": 40.01249804748511,
      "12,16": 56.0357029044876,
      "12,17": 17.204650534085253,
      "12,18": 25.495097567963924,
      "12,19": 28.178005607210743,
      "12,20": 23.259406699226016,
      "12,21": 54.91812087098393,
      "12,22": 24.351591323771842,
      "12,23": 64.03124237432849,
      "12,24": 67.80117993073571,
      "12,25": 51.73973328110612,
      "12,26": 21.0,
      "12,27": 52.92447448959697,
      "12,28": 71.06335201775947,
      "12,29": 50.0,
      "12,30": 55.02726596879042,
      "12,31": 12.36931687685298,
      "12,32": 7.615773105863909,
      "12,33": 19.72308292331602,
      "12,34": 29.120439557122072,
      "12,35": 32.69556544854363,
      "12,36": 32.984845004941285,
      "12,37": 49.47726750741192,
      "12,38": 78.16009211867653,
      "12,39": 59.665735560705194,
      "12,40": 21.02379604162864,
      "12,41": 34.132096331752024,
      "12,42": 55.02726596879042,
      "12,43": 22.360679774997898,
      "12,44": 15.652475842498529,
      "12,45": 33.06055050963308,
      "12,46": 82.37718130647589,
      "12,47": 1.4142135623730951,
      "12,48": 66.21933252457322,
      "12,49": 58.66856057549052,
      "12,50": 90.55385138137417,
      "12,1000": 42.66838056002179,
      "12,1001": 31.330869813531283,
      "12,1002": 65.54126034898118,
      "12,1003": 51.50798950027008,
      "12,1004": 52.736523406114806,
      "12,1005": 71.56755776664343,
      "12,1006": 15.691275061990412,
      "12,1007": 18.85581324575846,
      "12,1008": 36.55604154652891,
      "12,1009": 47.57070840281579,
      "12,1010": 43.511060760789356,
      "12,1011": 30.609177900785134,
      "12,1012": 54.455042979812944,
      "12,1013": 59.29165781127912,
      "12,1014": 56.768043167820274,
      "12,1015": 52.93418073500311,
      "12,1016": 10.31780671661888,
      "12,1017": 65.68204939070074,
      "12,1018": 92.98879677686094,
      "12,1019": 44.08523625617834,
      "13,1": 59.20304046246274,
      "13,2": 46.22769732530488,
      "13,3": 20.615528128088304,
      "13,4": 33.06055050963308,
      "13,5": 28.0178514522438,
      "13,6": 21.93171219946131,
      "13,7": 25.0,
      "13,8": 23.021728866442675,
      "13,9": 35.805027579936315,
      "13,10": 56.61271941887264,
      "13,11": 29.120439557122072,
      "13,12": 41.677331968349414,
      "13,13": 0.0,
      "13,14": 31.016124838541646,
      "13,15": 41.593268686170845,
      "13,16": 51.66236541235796,
      "13,17": 43.60045871318328,
      "13,18": 17.46424919657298,
      "13,19": 23.345235059857504,
      "13,20": 26.0,
      "13,21": 25.709920264364882,
      "13,22": 18.384776310850235,
      "13,23": 29.274562336608895,
      "13,24": 33.37663853655727,
      "13,25": 18.110770276274835,
      "13,26": 36.0,
      "13,27": 32.2490309931942,
      "13,28": 63.41135544995076,
      "13,29": 34.828149534535996,
      "13,30": 35.84689665786984,
      "13,31": 30.0,
      "13,32": 41.43669871020132,
      "13,33": 46.04345773288535,
      "13,34": 28.861739379323623,
      "13,35": 10.0,
      "13,36": 30.083217912982647,
      "13,37": 36.124783736376884,
      "13,38": 55.78530272392541,
      "13,39": 43.04648650006177,
      "13,40": 55.97320787662612,
      "13,41": 35.4682957019364,
      "13,42": 35.84689665786984,
      "13,43": 48.54894437575342,
      "13,44": 45.45327270945405,
      "13,45": 23.194827009486403,
      "13,46": 48.83646178829912,
      "13,47": 43.04648650006177,
      "13,48": 47.01063709417264,
      "13,49": 30.805843601498726,
      "13,50": 57.87054518492115,
      "13,1000": 15.767028371636405,
      "13,1001": 55.10392728542514,
      "13,1002": 47.31224123376276,
      "13,1003": 10.94089773994768,
      "13,1004": 19.337427626756362,
      "13,1005": 35.5971077858472,
      "13,1006": 41.02220344029605,
      "13,1007": 46.70014373637234,
      "13,1008": 34.81671865250391,
      "13,1009": 39.58793485012039,
      "13,1010": 32.89790078746995,
      "13,1011": 11.070248638462296,
      "13,1012": 41.815245505251106,
      "13,1013": 51.487327167622524,
      "13,1014": 22.407157853913613,
      "13,1015": 40.24888957619018,
      "13,1016": 51.60681911024004,
      "13,1017": 47.66270316446803,
      "13,1018": 59.0293451195038,
      "13,1019": 41.315127770609536,
      "14,1": 36.6742416417845,
      "14,2": 19.313207915827967,
      "14,3": 10.44030650891055,
      "14,4": 13.601470508735444,
      "14,5": 48.010415536631214,
      "14,6": 49.040799340956916,
      "14,7": 50.20956084253277,
      "14,8": 34.0,
      "14,9": 40.792156108742276,
      "14,10": 35.22782990761707,
      "14,11": 44.294469180700204,
      "14,12": 32.7566787083184,
      "14,13": 31.016124838541646,
      "14,14": 0.0,
      "14,15": 11.313708498984761,
      "14,16": 25.632011235952593,
      "14,17": 46.09772228646444,
      "14,18": 19.209372712298546,
      "14,19": 9.219544457292887,
      "14,20": 11.40175425099138,
      "14,21": 26.92582403567252,
      "14,22": 28.844410203711913,
      "14,23": 37.589892258425,
      "14,24": 40.496913462633174,
      "14,25": 27.892651361962706,
      "14,26": 13.038404810405298,
      "14,27": 21.400934559032695,
      "14,28": 40.26164427839479,
      "14,29": 17.46424919657298,
      "14,30": 22.825424421026653,
      "14,31": 29.427877939124322,
      "14,32": 26.92582403567252,
      "14,33": 49.09175083453431,
      "14,34": 4.123105625617661,
      "14,35": 29.832867780352597,
      "14,36": 1.0,
      "14,37": 16.76305461424021,
      "14,38": 45.5411901469428,
      "14,39": 26.92582403567252,
      "14,40": 53.600373133029585,
      "14,41": 4.47213595499958,
      "14,42": 22.825424421026653,
      "14,43": 52.08646657242167,
      "14,44": 46.0,
      "14,45": 42.80186911806539,
      "14,46": 53.03772242470448,
      "14,47": 33.95585369269929,
      "14,48": 33.52610922848042,
      "14,49": 29.068883707497267,
      "14,50": 60.30754513325841,
      "14,1000": 43.448324410368855,
      "14,1001": 61.02025498292873,
      "14,1002": 32.80391253529492,
      "14,1003": 34.60229554541451,
      "14,1004": 28.310147446160453,
      "14,1005": 44.921109209847145,
