{
  "metadata": {
    "source": "Mankowska HCSRP",
    "seed": 1,
    "sigma": 0.15
  },
  "parameters": {
    "p": 5
  },
  "sets": {
    "customers": [
      1,
      2,
      3,
      4,
      5,
      6,
      7,
      8,
      9,
      10,
      11,
      12,
      13,
      14,
      15,
      16,
      17,
      18,
      19,
      20,
      21,
      22,
      23,
      24,
      25
    ],
    "facilities": [
      1000,
      1001,
      1002,
      1003,
      1004,
      1005,
      1006,
      1007,
      1008,
      1009
    ],
    "vehicles": [
      0,
      1,
      2,
      3,
      4
    ]
  },
  "coordinates": {
    "customers": {
      "1": {
        "x": 3.0,
        "y": 49.0
      },
      "2": {
        "x": 67.0,
        "y": 3.0
      },
      "3": {
        "x": 11.0,
        "y": 30.0
      },
      "4": {
        "x": 62.0,
        "y": 23.0
      },
      "5": {
        "x": 92.0,
        "y": 32.0
      },
      "6": {
        "x": 52.0,
        "y": 8.0
      },
      "7": {
        "x": 62.0,
        "y": 9.0
      },
      "8": {
        "x": 69.0,
        "y": 36.0
      },
      "9": {
        "x": 62.0,
        "y": 44.0
      },
      "10": {
        "x": 75.0,
        "y": 36.0
      },
      "11": {
        "x": 22.0,
        "y": 38.0
      },
      "12": {
        "x": 39.0,
        "y": 26.0
      },
      "13": {
        "x": 33.0,
        "y": 2.0
      },
      "14": {
        "x": 69.0,
        "y": 9.0
      },
      "15": {
        "x": 82.0,
        "y": 35.0
      },
      "16": {
        "x": 94.0,
        "y": 27.0
      },
      "17": {
        "x": 45.0,
        "y": 1.0
      },
      "18": {
        "x": 82.0,
        "y": 36.0
      },
      "19": {
        "x": 84.0,
        "y": 9.0
      },
      "20": {
        "x": 28.0,
        "y": 27.0
      },
      "21": {
        "x": 95.0,
        "y": 44.0
      },
      "22": {
        "x": 61.0,
        "y": 47.0
      },
      "23": {
        "x": 6.0,
        "y": 25.0
      },
      "24": {
        "x": 64.0,
        "y": 9.0
      },
      "25": {
        "x": 0.0,
        "y": 0.0
      }
    },
    "facilities": {
      "1000": {
        "x": 68.7153020783974,
        "y": 21.65534135810107
      },
      "1001": {
        "x": 66.24560164915884,
        "y": 37.042121067022215
      },
      "1002": {
        "x": 26.907743881096028,
        "y": 31.43080064681565
      },
      "1003": {
        "x": 56.57524442540905,
        "y": 17.905413911078448
      },
      "1004": {
        "x": 41.02854915222967,
        "y": -7.388200339328929
      },
      "1005": {
        "x": 29.50891721986922,
        "y": 26.82824945586993
      },
      "1006": {
        "x": 53.782983255570215,
        "y": -1.375915246235751
      },
      "1007": {
        "x": 22.331987942612265,
        "y": 25.442331511654345
      },
      "1008": {
        "x": 1.580815751497358,
        "y": 24.4338333254607
      },
      "1009": {
        "x": 1.7577518730114416,
        "y": 48.916244827637016
      }
    }
  },
  "time_windows": {
    "e": {
      "1": 182.0,
      "2": 412.0,
      "3": 423.0,
      "4": 358.0,
      "5": 327.0,
      "6": 105.0,
      "7": 151.0,
      "8": 406.0,
      "9": 462.0,
      "10": 427.0,
      "11": 452.0,
      "12": 308.0,
      "13": 32.0,
      "14": 200.0,
      "15": 2.0,
      "16": 132.0,
      "17": 469.0,
      "18": 396.0,
      "19": 262.0,
      "20": 108.0,
      "21": 395.0,
      "22": 329.0,
      "23": 22.0,
      "24": 283.0,
      "25": 259.0
    },
    "l": {
      "1": 302.0,
      "2": 532.0,
      "3": 543.0,
      "4": 478.0,
      "5": 447.0,
      "6": 225.0,
      "7": 271.0,
      "8": 526.0,
      "9": 582.0,
      "10": 547.0,
      "11": 572.0,
      "12": 428.0,
      "13": 152.0,
      "14": 320.0,
      "15": 122.0,
      "16": 252.0,
      "17": 589.0,
      "18": 516.0,
      "19": 382.0,
      "20": 228.0,
      "21": 515.0,
      "22": 449.0,
      "23": 142.0,
      "24": 403.0,
      "25": 379.0
    }
  },
  "travel_time": {
    "matrix": {
      "1,1": 0.0,
      "1,2": 78.81624198095213,
      "1,3": 20.615528128088304,
      "1,4": 64.47480127925948,
      "1,5": 90.60905032059435,
      "1,6": 63.89053137985315,
      "1,7": 71.28113354878694,
      "1,8": 67.26812023536856,
      "1,9": 59.21148537234985,
      "1,10": 73.16419889536138,
      "1,11": 21.95449840010015,
      "1,12": 42.720018726587654,
      "1,13": 55.758407437802596,
      "1,14": 77.17512552629896,
      "1,15": 80.23091673413684,
      "1,16": 93.62157870918435,
      "1,17": 63.7808748764079,
      "1,18": 80.06247560499239,
      "1,19": 90.33825324855468,
      "1,20": 33.301651610693426,
      "1,21": 92.13576938409967,
      "1,22": 58.034472514187634,
      "1,23": 24.186773244895647,
      "1,24": 72.94518489934754,
      "1,25": 49.09175083453431,
      "1,1000": 71.1774633117604,
      "1,1001": 64.36611683595521,
      "1,1002": 29.66912508646013,
      "1,1003": 61.94497638455985,
      "1,1004": 68.0132317136294,
      "1,1005": 34.55877912138985,
      "1,1006": 71.5307222473774,
      "1,1007": 30.47440733500981,
      "1,1008": 24.60712557395608,
      "1,1009": 1.2450684069175213,
      "2,1": 78.81624198095213,
      "2,2": 0.0,
      "2,3": 62.16912416947821,
      "2,4": 20.615528128088304,
      "2,5": 38.28837943815329,
      "2,6": 15.811388300841896,
      "2,7": 7.810249675906654,
      "2,8": 33.06055050963308,
      "2,9": 41.30375285612676,
      "2,10": 33.95585369269929,
      "2,11": 57.0087712549569,
      "2,12": 36.235341863986875,
      "2,13": 34.0147027033899,
      "2,14": 6.324555320336759,
      "2,15": 35.34119409414458,
      "2,16": 36.124783736376884,
      "2,17": 22.090722034374522,
      "2,18": 36.24913792078372,
      "2,19": 18.027756377319946,
      "2,20": 45.79301256742124,
      "2,21": 49.64876634922564,
      "2,22": 44.40720662234904,
      "2,23": 64.8459713474939,
      "2,24": 6.708203932499369,
      "2,25": 67.06713054842886,
      "2,1000": 18.734033799676745,
      "2,1001": 34.050479051160934,
      "2,1002": 49.149765270271295,
      "2,1003": 18.189197141450084,
      "2,1004": 27.971967492977388,
      "2,1005": 44.422592902235955,
      "2,1006": 13.922577558224475,
      "2,1007": 49.98889421499469,
      "2,1008": 68.84096802604657,
      "2,1009": 79.78002556865374,
      "3,1": 20.615528128088304,
      "3,2": 62.16912416947821,
      "3,3": 0.0,
      "3,4": 51.478150704935004,
      "3,5": 81.02468759581859,
      "3,6": 46.52956049652737,
      "3,7": 55.154328932550705,
      "3,8": 58.309518948453004,
      "3,9": 52.88667128870941,
      "3,10": 64.28063471995279,
      "3,11": 13.601470508735444,
      "3,12": 28.284271247461902,
      "3,13": 35.608987629529715,
      "3,14": 61.68468205316454,
      "3,15": 71.17583859709698,
      "3,16": 83.05419917138447,
      "3,17": 44.68780594300866,
      "3,18": 71.25307010929424,
      "3,19": 75.96051605933177,
      "3,20": 17.26267650163207,
      "3,21": 85.15867542417507,
      "3,22": 52.81098370604357,
      "3,23": 7.0710678118654755,
      "3,24": 57.0087712549569,
      "3,25": 31.953090617340916,
      "3,1000": 58.31543039239685,
      "3,1001": 55.69262043305325,
      "3,1002": 15.971959988601155,
      "3,1003": 47.15275089640173,
      "3,1004": 47.95405393500814,
      "3,1005": 18.778711834579088,
      "3,1006": 53.05498764287266,
      "3,1007": 12.214184081680148,
      "3,1008": 10.940897739947676,
      "3,1009": 21.053348161751558,
      "4,1": 64.47480127925948,
      "4,2": 20.615528128088304,
      "4,3": 51.478150704935004,
      "4,4": 0.0,
      "4,5": 31.32091952673165,
      "4,6": 18.027756377319946,
      "4,7": 14.0,
      "4,8": 14.7648230602334,
      "4,9": 21.0,
      "4,10": 18.384776310850235,
      "4,11": 42.720018726587654,
      "4,12": 23.194827009486403,
      "4,13": 35.805027579936315,
      "4,14": 15.652475842498529,
      "4,15": 23.323807579381203,
      "4,16": 32.2490309931942,
      "4,17": 27.80287754891569,
      "4,18": 23.853720883753127,
      "4,19": 26.076809620810597,
      "4,20": 34.23448553724738,
      "4,21": 39.11521443121589,
      "4,22": 24.020824298928627,
      "4,23": 56.0357029044876,
      "4,24": 14.142135623730951,
      "4,25": 66.12866246946176,
      "4,1000": 6.8486048847456455,
      "4,1001": 14.669911295718505,
      "4,1002": 36.09078606876138,
      "4,1003": 7.441960794138098,
      "4,1004": 36.92214065467545,
      "4,1005": 32.715836442335984,
      "4,1006": 25.72361965723152,
      "4,1007": 39.74312725236753,
      "4,1008": 60.43619530761109,
      "4,1009": 65.58033398328861,
      "5,1": 90.60905032059435,
      "5,2": 38.28837943815329,
      "5,3": 81.02468759581859,
      "5,4": 31.32091952673165,
      "5,5": 0.0,
      "5,6": 46.647615158762406,
      "5,7": 37.8021163428716,
      "5,8": 23.345235059857504,
      "5,9": 32.31098884280702,
      "5,10": 17.46424919657298,
      "5,11": 70.25667228100119,
      "5,12": 53.33854141237835,
      "5,13": 66.18912297349165,
      "5,14": 32.526911934581186,
      "5,15": 10.44030650891055,
      "5,16": 5.385164807134504,
      "5,17": 56.302753041036986,
      "5,18": 10.770329614269007,
      "5,19": 24.351591323771842,
      "5,20": 64.19501538281614,
      "5,21": 12.36931687685298,
      "5,22": 34.438350715445125,
      "5,23": 86.28441342444185,
      "5,24": 36.235341863986875,
      "5,25": 97.40636529508737,
      "5,1000": 25.47918993448769,
      "5,1001": 26.243323327435476,
      "5,1002": 65.09474475372538,
      "5,1003": 38.125721823167275,
      "5,1004": 64.41676123104746,
      "5,1005": 62.70472414997029,
      "5,1006": 50.73945296677861,
      "5,1007": 69.97595958635625,
      "5,1008": 90.73519580797507,
      "5,1009": 91.81406584005266,
      "6,1": 63.89053137985315,
      "6,2": 15.811388300841896,
      "6,3": 46.52956049652737,
      "6,4": 18.027756377319946,
      "6,5": 46.647615158762406,
      "6,6": 0.0,
      "6,7": 10.04987562112089,
      "6,8": 32.7566787083184,
      "6,9": 37.36308338453881,
      "6,10": 36.235341863986875,
      "6,11": 42.42640687119285,
      "6,12": 22.20360331117452,
      "6,13": 19.924858845171276,
      "6,14": 17.029386365926403,
      "6,15": 40.36087214122113,
      "6,16": 46.09772228646444,
      "6,17": 9.899494936611665,
      "6,18": 41.036569057366385,
      "6,19": 32.01562118716424,
      "6,20": 30.610455730027933,
      "6,21": 56.08029957123981,
      "6,22": 40.024992192379,
      "6,23": 49.040799340956916,
      "6,24": 12.041594578792296,
      "6,25": 52.61178575186362,
      "6,1000": 21.584014250790837,
      "6,1001": 32.34782778515572,
      "6,1002": 34.33108993445286,
      "6,1003": 10.911007575014466,
      "6,1004": 18.89892704331024,
      "6,1005": 29.331753820649077,
      "6,1006": 9.543941323910147,
      "6,1007": 34.41548878048595,
      "6,1008": 53.0298502548657,
      "6,1009": 64.7952358406775,
      "7,1": 71.28113354878694,
      "7,2": 7.810249675906654,
      "7,3": 55.154328932550705,
      "7,4": 14.0,
      "7,5": 37.8021163428716,
      "7,6": 10.04987562112089,
      "7,7": 0.0,
      "7,8": 27.892651361962706,
      "7,9": 35.0,
      "7,10": 29.966648127543394,
      "7,11": 49.4064773081425,
      "7,12": 28.600699292150182,
      "7,13": 29.832867780352597,
      "7,14": 7.0,
      "7,15": 32.802438933713454,
      "7,16": 36.71511950137164,
      "7,17": 18.788294228055936,
      "7,18": 33.60059523282288,
      "7,19": 22.0,
      "7,20": 38.47076812334269,
      "7,21": 48.104053883222775,
      "7,22": 38.01315561749642,
      "7,23": 58.240879114244144,
      "7,24": 2.0,
      "7,25": 62.64982043070834,
      "7,1000": 14.326651628841676,
      "7,1001": 28.361694013243838,
      "7,1002": 41.6486165096986,
      "7,1003": 10.427577377880496,
      "7,1004": 26.61531252911428,
      "7,1005": 37.06098944828696,
      "7,1006": 13.235519686635163,
      "7,1007": 42.94067356393237,
      "7,1008": 62.35928989631466,
      "7,1009": 72.2664172388082,
      "8,1": 67.26812023536856,
      "8,2": 33.06055050963308,
      "8,3": 58.309518948453004,
      "8,4": 14.7648230602334,
      "8,5": 23.345235059857504,
      "8,6": 32.7566787083184,
      "8,7": 27.892651361962706,
      "8,8": 0.0,
      "8,9": 10.63014581273465,
      "8,10": 6.0,
      "8,11": 47.042533945356304,
      "8,12": 31.622776601683793,
      "8,13": 49.51767361255979,
      "8,14": 27.0,
      "8,15": 13.038404810405298,
      "8,16": 26.570660511172846,
      "8,17": 42.43819034784589,
      "8,18": 13.0,
      "8,19": 30.886890422961002,
      "8,20": 41.97618372363071,
      "8,21": 27.202941017470888,
      "8,22": 13.601470508735444,
      "8,23": 63.953107821277925,
      "8,24": 27.459060435491963,
      "8,25": 77.82673062643708,
      "8,1000": 14.347483558421334,
      "8,1001": 2.944949336312597,
      "8,1002": 42.33952772420294,
      "8,1003": 21.949683296524398,
      "8,1004": 51.6230374078761,
      "8,1005": 40.54215863999958,
      "8,1006": 40.35488370809727,
      "8,1007": 47.84733757794987,
      "8,1008": 68.40411256844702,
      "8,1009": 68.47152191691781,
      "9,1": 59.21148537234985,
      "9,2": 41.30375285612676,
      "9,3": 52.88667128870941,
      "9,4": 21.0,
      "9,5": 32.31098884280702,
      "9,6": 37.36308338453881,
      "9,7": 35.0,
      "9,8": 10.63014581273465,
      "9,9": 0.0,
      "9,10": 15.264337522473747,
      "9,11": 40.44749683231337,
      "9,12": 29.206163733020468,
      "9,13": 51.03920062069938,
      "9,14": 35.6931365951495,
      "9,15": 21.93171219946131,
      "9,16": 36.235341863986875,
      "9,17": 46.238512086787566,
      "9,18": 21.540659228538015,
      "9,19": 41.340053217188775,
      "9,20": 38.01315561749642,
      "9,21": 33.0,
      "9,22": 3.1622776601683795,
      "9,23": 59.135437767890075,
      "9,24": 35.05709628591621,
      "9,25": 76.02631123499285,
      "9,1000": 23.331932020883247,
      "9,1001": 8.150902564091682,
      "9,1002": 37.27534321632523,
      "9,1003": 26.652493245401896,
      "9,1004": 55.502692590319015,
      "9,1005": 36.74968676023161,
      "9,1006": 46.113913828819705,
      "9,1007": 43.79427177506661,
      "9,1008": 63.50836719354673,
      "9,1009": 60.44251750712344,
      "10,1": 73.16419889536138,
      "10,2": 33.95585369269929,
      "10,3": 64.28063471995279,
      "10,4": 18.384776310850235,
      "10,5": 17.46424919657298,
      "10,6": 36.235341863986875,
      "10,7": 29.966648127543394,
      "10,8": 6.0,
      "10,9": 15.264337522473747,
      "10,10": 0.0,
      "10,11": 53.03772242470448,
      "10,12": 37.36308338453881,
      "10,13": 54.037024344425184,
      "10,14": 27.65863337187866,
      "10,15": 7.0710678118654755,
      "10,16": 21.02379604162864,
      "10,17": 46.09772228646444,
      "10,18": 7.0,
      "10,19": 28.460498941515414,
      "10,20": 47.853944456021594,
      "10,21": 21.540659228538015,
      "10,22": 17.804493814764857,
      "10,23": 69.87131027825369,
      "10,24": 29.154759474226502,
      "10,25": 83.19254774317228,
      "10,1000": 15.66099165182083,
      "10,1001": 8.81620705312335,
      "10,1002": 48.3088261225151,
      "10,1003": 25.824129486060386,
      "10,1004": 55.105311916259204,
      "10,1005": 46.40646097853683,
      "10,1006": 42.97814374804025,
      "10,1007": 53.7157691743025,
      "10,1008": 74.32464481757583,
      "10,1009": 74.37241619809605,
      "11,1": 21.95449840010015,
      "11,2": 57.0087712549569,
      "11,3": 13.601470508735444,
      "11,4": 42.720018726587654,
      "11,5": 70.25667228100119,
      "11,6": 42.42640687119285,
      "11,7": 49.4064773081425,
      "11,8": 47.042533945356304,
      "11,9": 40.44749683231337,
      "11,10": 53.03772242470448,
      "11,11": 0.0,
      "11,12": 20.808652046684813,
      "11,13": 37.64306044943742,
      "11,14": 55.226805085936306,
      "11,15": 60.07495318350236,
      "11,16": 72.83543093852057,
      "11,17": 43.56604182158393,
      "11,18": 60.03332407921454,
      "11,19": 68.4470598345904,
      "11,20": 12.529964086141668,
      "11,21": 73.24616030891995,
      "11,22": 40.024992192379,
      "11,23": 20.615528128088304,
      "11,24": 51.03920062069938,
      "11,25": 43.9089968002003,
      "11,1000": 49.49209345336002,
      "11,1001": 44.25596905894492,
      "11,1002": 8.200020130726093,
      "11,1003": 39.990497835884206,
      "11,1004": 49.21559115648088,
      "11,1005": 13.460752134822147,
      "11,1006": 50.6025762793022,
      "11,1007": 12.562056115828705,
      "11,1008": 24.514974273200433,
      "11,1009": 22.99810884336979,
      "12,1": 42.720018726587654,
      "12,2": 36.235341863986875,
      "12,3": 28.284271247461902,
      "12,4": 23.194827009486403,
      "12,5": 53.33854141237835,
      "12,6": 22.20360331117452,
      "12,7": 28.600699292150182,
      "12,8": 31.622776601683793,
      "12,9": 29.206163733020468,
      "12,10": 37.36308338453881,
      "12,11": 20.808652046684813,
      "12,12": 0.0,
      "12,13": 24.73863375370596,
      "12,14": 34.48187929913333,
      "12,15": 43.93176527297759,
      "12,16": 55.00909015790027,
      "12,17": 25.709920264364882,
      "12,18": 44.14748010928823,
      "12,19": 48.104053883222775,
      "12,20": 11.045361017187261,
      "12,21": 58.82176467941097,
      "12,22": 30.4138126514911,
      "12,23": 33.015148038438355,
      "12,24": 30.23243291566195,
      "12,25": 46.87216658103186,
      "12,1000": 30.031237675544375,
      "12,1001": 29.39815039902039,
      "12,1002": 13.255800757050622,
      "12,1003": 19.349716808362707,
      "12,1004": 33.44976731701099,
      "12,1005": 9.527153273693242,
      "12,1006": 31.112334041398313,
      "12,1007": 16.67733851932366,
      "12,1008": 37.45194558198313,
      "12,1009": 43.72801530543529,
      "13,1": 55.758407437802596,
      "13,2": 34.0147027033899,
      "13,3": 35.608987629529715,
      "13,4": 35.805027579936315,
      "13,5": 66.18912297349165,
      "13,6": 19.924858845171276,
      "13,7": 29.832867780352597,
      "13,8": 49.51767361255979,
      "13,9": 51.03920062069938,
      "13,10": 54.037024344425184,
      "13,11": 37.64306044943742,
      "13,12": 24.73863375370596,
      "13,13": 0.0,
      "13,14": 36.6742416417845,
      "13,15": 59.07622195096772,
      "13,16": 65.92419889539804,
      "13,17": 12.041594578792296,
      "13,18": 59.64059020499378,
      "13,19": 51.478150704935004,
      "13,20": 25.495097567963924,
      "13,21": 74.88658090739622,
      "13,22": 53.0,
      "13,23": 35.4682957019364,
      "13,24": 31.78049716414141,
      "13,25": 33.06055050963308,
      "13,1000": 40.76659473704734,
      "13,1001": 48.30341890477728,
      "13,1002": 30.054743574532914,
      "13,1003": 28.43895816306407,
      "13,1004": 12.35297158991081,
      "13,1005": 25.072487511625788,
      "13,1006": 21.055384032381813,
      "13,1007": 25.75557003754474,
      "13,1008": 38.60624323235696,
      "13,1009": 56.36676411463671,
      "14,1": 77.17512552629896,
      "14,2": 6.324555320336759,
      "14,3": 61.68468205316454,
      "14,4": 15.652475842498529,
      "14,5": 32.526911934581186,
      "14,6": 17.029386365926403,
      "14,7": 7.0,
      "14,8": 27.0,
      "14,9": 35.6931365951495,
      "14,10": 27.65863337187866,
      "14,11": 55.226805085936306,
      "14,12": 34.48187929913333,
      "14,13": 36.6742416417845,
      "14,14": 0.0,
      "14,15": 29.068883707497267,
      "14,16": 30.805843601498726,
      "14,17": 25.298221281347036,
      "14,18": 29.966648127543394,
      "14,19": 15.0,
      "14,20": 44.77722635447622,
      "14,21": 43.60045871318328,
      "14,22": 38.8329756778952,
      "14,23": 65.0,
      "14,24": 5.0,
      "14,25": 69.58448102845921,
      "14,1000": 12.658543273087478,
      "14,1001": 28.177069830141097,
      "14,1002": 47.69589964385403,
      "14,1003": 15.286626443265968,
      "14,1004": 32.418747244321644,
      "14,1005": 43.32888295130476,
      "14,1006": 18.417850466254848,
      "14,1007": 49.47983038499251,
      "14,1008": 69.16320998805396,
      "14,1009": 78.19735631280226,
      "15,1": 80.23091673413684,
      "15,2": 35.34119409414458,
      "15,3": 71.17583859709698,
      "15,4": 23.323807579381203,
      "15,5": 10.44030650891055,
      "15,6": 40.36087214122113,
      "15,7": 32.802438933713454,
      "15,8": 13.038404810405298,
      "15,9": 21.93171219946131,
      "15,10": 7.0710678118654755,
      "15,11": 60.07495318350236,
      "15,12": 43.93176527297759,
      "15,13": 59.07622195096772,
      "15,14": 29.068883707497267,
      "15,15": 0.0,
      "15,16": 14.422205101855956,
      "15,17": 50.24937810560445,
      "15,18": 1.0,
      "15,19": 26.076809620810597,
      "15,20": 54.589376255824725,
      "15,21": 15.811388300841896,
      "15,22": 24.186773244895647,
      "15,23": 76.6550715869472,
      "15,24": 31.622776601683793,
      "15,25": 89.15716460273958,
      "15,1000": 18.829846338646533,
      "15,1001": 15.886199226037753,
      "15,1002": 55.20775188588722,
      "15,1003": 30.637282346501358,
      "15,1004": 58.95268706834613,
      "15,1005": 53.12335906534933,
      "15,1006": 46.037020363580844,
      "15,1007": 60.42864130372024,
      "15,1008": 81.11035120987185,
      "15,1009": 81.44004085568679,
      "16,1": 93.62157870918435,
      "16,2": 36.124783736376884,
      "16,3": 83.05419917138447,
      "16,4": 32.2490309931942,
      "16,5": 5.385164807134504,
      "16,6": 46.09772228646444,
      "16,7": 36.71511950137164,
      "16,8": 26.570660511172846,
      "16,9": 36.235341863986875,
      "16,10": 21.02379604162864,
      "16,11": 72.83543093852057,
      "16,12": 55.00909015790027,
      "16,13": 65.92419889539804,
      "16,14": 30.805843601498726,
      "16,15": 14.422205101855956,
      "16,16": 0.0,
      "16,17": 55.47071299343465,
      "16,18": 15.0,
      "16,19": 20.591260281974,
      "16,20": 66.0,
      "16,21": 17.029386365926403,
      "16,22": 38.58756276314948,
      "16,23": 88.02272433866155,
      "16,24": 34.9857113690718,
      "16,25": 97.8008179924892,
      "16,1000": 25.84340002757222,
      "16,1001": 29.515264243131988,
      "16,1002": 67.23840290709194,
      "16,1003": 38.51394326664931,
      "16,1004": 63.15475379965922,
      "16,1005": 64.49131147994348,
      "16,1006": 49.219924846380046,
      "16,1007": 71.68493763251425,
      "16,1008": 92.45480424813086,
      "16,1009": 94.81009506833041,
      "17,1": 63.7808748764079,
      "17,2": 22.090722034374522,
      "17,3": 44.68780594300866,
      "17,4": 27.80287754891569,
      "17,5": 56.302753041036986,
      "17,6": 9.899494936611665,
      "17,7": 18.788294228055936,
      "17,8": 42.43819034784589,
      "17,9": 46.238512086787566,
      "17,10": 46.09772228646444,
      "17,11": 43.56604182158393,
      "17,12": 25.709920264364882,
      "17,13": 12.041594578792296,
      "17,14": 25.298221281347036,
      "17,15": 50.24937810560445,
      "17,16": 55.47071299343465,
      "17,17": 0.0,
      "17,18": 50.93132631298737,
      "17,19": 39.81205847478876,
      "17,20": 31.064449134018133,
      "17,21": 65.94694837519019,
      "17,22": 48.703182647543684,
      "17,23": 45.79301256742124,
      "17,24": 20.615528128088304,
      "17,25": 45.0111097397076,
      "17,1000": 31.44930331961776,
      "17,1001": 41.837902438394636,
      "17,1002": 35.40287219249667,
      "17,1003": 20.488516369245676,
      "17,1004": 9.280858083656575,
      "17,1005": 30.11763794947256,
      "17,1006": 9.098668480877972,
      "17,1007": 33.335661690740245,
      "17,1008": 49.339336285877344,
      "17,1009": 64.54346242229414,
      "18,1": 80.06247560499239,
      "18,2": 36.24913792078372,
      "18,3": 71.25307010929424,
      "18,4": 23.853720883753127,
      "18,5": 10.770329614269007,
      "18,6": 41.036569057366385,
      "18,7": 33.60059523282288,
      "18,8": 13.0,
      "18,9": 21.540659228538015,
      "18,10": 7.0,
      "18,11": 60.03332407921454,
      "18,12": 44.14748010928823,
      "18,13": 59.64059020499378,
      "18,14": 29.966648127543394,
      "18,15": 1.0,
      "18,16": 15.0,
      "18,17": 50.93132631298737,
      "18,18": 0.0,
      "18,19": 27.073972741361768,
      "18,20": 54.74486277268398,
      "18,21": 15.264337522473747,
      "18,22": 23.706539182259394,
      "18,23": 76.79192665899195,
      "18,24": 32.449961479175904,
      "18,25": 89.55445270895244,
      "18,1000": 19.551276951156876,
      "18,1001": 15.78882781321394,
      "18,1002": 55.281409777610165,
      "18,1003": 31.206285292502965,
      "18,1004": 59.67575481933181,
      "18,1005": 53.28634702692888,
      "18,1006": 46.8311763086219,
      "18,1007": 60.594851487485094,
      "18,1008": 81.2466701270756,
      "18,1009": 81.27513620364262,
      "19,1": 90.33825324855468,
      "19,2": 18.027756377319946,
      "19,3": 75.96051605933177,
      "19,4": 26.076809620810597,
      "19,5": 24.351591323771842,
      "19,6": 32.01562118716424,
      "19,7": 22.0,
      "19,8": 30.886890422961002,
      "19,9": 41.340053217188775,
      "19,10": 28.460498941515414,
      "19,11": 68.4470598345904,
      "19,12": 48.104053883222775,
      "19,13": 51.478150704935004,
      "19,14": 15.0,
      "19,15": 26.076809620810597,
      "19,16": 20.591260281974,
      "19,17": 39.81205847478876,
      "19,18": 27.073972741361768,
      "19,19": 0.0,
      "19,20": 58.82176467941097,
      "19,21": 36.68787265568828,
      "19,22": 44.41846462902562,
      "19,23": 79.62411694957753,
      "19,24": 20.0,
      "19,25": 84.48076704197234,
      "19,1000": 19.84388206588384,
      "19,1001": 33.19004692280326,
      "19,1002": 61.340578138812106,
      "19,1003": 28.834417199827133,
      "19,1004": 45.99041963631471,
      "19,1005": 57.33345080502125,
      "19,1006": 31.948829683264105,
      "19,1007": 63.82236266896785,
      "19,1008": 83.85180465146071,
      "19,1009": 91.41714269282875,
      "20,1": 33.301651610693426,
      "20,2": 45.79301256742124,
      "20,3": 17.26267650163207,
      "20,4": 34.23448553724738,
      "20,5": 64.19501538281614,
      "20,6": 30.610455730027933,
      "20,7": 38.47076812334269,
      "20,8": 41.97618372363071,
      "20,9": 38.01315561749642,
      "20,10": 47.853944456021594,
      "20,11": 12.529964086141668,
      "20,12": 11.045361017187261,
      "20,13": 25.495097567963924,
      "20,14": 44.77722635447622,
      "20,15": 54.589376255824725,
      "20,16": 66.0,
      "20,17": 31.064449134018133,
      "20,18": 54.74486277268398,
      "20,19": 58.82176467941097,
      "20,20": 0.0,
      "20,21": 69.12307863514182,
      "20,22": 38.58756276314948,
      "20,23": 22.090722034374522,
      "20,24": 40.24922359499622,
      "20,25": 38.897300677553446,
      "20,1000": 41.06459788350029,
      "20,1001": 39.5420060319513,
      "20,1002": 4.563443634044926,
      "20,1003": 29.987598938572535,
      "20,1004": 36.773515137798384,
      "20,1005": 1.518660405036895,
      "20,1006": 38.33998945772636,
      "20,1007": 5.878153774977121,
      "20,1008": 26.543521012816786,
      "20,1009": 34.19031111445698,
      "21,1": 92.13576938409967,
      "21,2": 49.64876634922564,
      "21,3": 85.15867542417507,
      "21,4": 39.11521443121589,
      "21,5": 12.36931687685298,
      "21,6": 56.08029957123981,
      "21,7": 48.104053883222775,
      "21,8": 27.202941017470888,
      "21,9": 33.0,
      "21,10": 21.540659228538015,
      "21,11": 73.24616030891995,
      "21,12": 58.82176467941097,
      "21,13": 74.88658090739622,
      "21,14": 43.60045871318328,
      "21,15": 15.811388300841896,
      "21,16": 17.029386365926403,
      "21,17": 65.94694837519019,
      "21,18": 15.264337522473747,
      "21,19": 36.68787265568828,
      "21,20": 69.12307863514182,
      "21,21": 0.0,
      "21,22": 34.132096331752024,
      "21,23": 91.00549433962765,
      "21,24": 46.75467891024384,
      "21,25": 104.69479452198185,
      "21,1000": 34.49882772867635,
      "21,1001": 29.58424418106423,
      "21,1002": 69.24261777072344,
      "21,1003": 46.44770461625845,
      "21,1004": 74.522913528178,
      "21,1005": 67.70488121593431,
      "21,1006": 61.30102897785791,
      "21,1007": 75.00018024042332,
      "21,1008": 95.44620926988948,
      "21,1009": 93.3717639277537,
      "22,1": 58.034472514187634,
      "22,2": 44.40720662234904,
      "22,3": 52.81098370604357,
      "22,4": 24.020824298928627,
      "22,5": 34.438350715445125,
      "22,6": 40.024992192379,
      "22,7": 38.01315561749642,
      "22,8": 13.601470508735444,
      "22,9": 3.1622776601683795,
      "22,10": 17.804493814764857,
      "22,11": 40.024992192379,
      "22,12": 30.4138126514911,
      "22,13": 53.0,
      "22,14": 38.8329756778952,
      "22,15": 24.186773244895647,
      "22,16": 38.58756276314948,
      "22,17": 48.703182647543684,
      "22,18": 23.706539182259394,
      "22,19": 44.41846462902562,
      "22,20": 38.58756276314948,
      "22,21": 34.132096331752024,
      "22,22": 0.0,
      "22,23": 59.23681287847955,
      "22,24": 38.118237105091836,
      "22,25": 77.00649323271382,
      "22,1000": 26.492972801014712,
      "22,1001": 11.255029520418894,
      "22,1002": 37.47908611180563,
      "22,1003": 29.42912505632033,
      "22,1004": 57.93906441353611,
      "22,1005": 37.39769798636891,
      "22,1006": 48.91129221969467,
      "22,1007": 44.27130252345976,
      "22,1008": 63.55998218329355,
      "22,1009": 59.2732313728476,
      "23,1": 24.186773244895647,
      "23,2": 64.8459713474939,
      "23,3": 7.0710678118654755,
      "23,4": 56.0357029044876,
      "23,5": 86.28441342444185,
      "23,6": 49.040799340956916,
      "23,7": 58.240879114244144,
      "23,8": 63.953107821277925,
      "23,9": 59.135437767890075,
      "23,10": 69.87131027825369,
      "23,11": 20.615528128088304,
      "23,12": 33.015148038438355,
      "23,13": 35.4682957019364,
      "23,14": 65.0,
      "23,15": 76.6550715869472,
      "23,16": 88.02272433866155,
      "23,17": 45.79301256742124,
      "23,18": 76.79192665899195,
      "23,19": 79.62411694957753,
      "23,20": 22.090722034374522,
      "23,21": 91.00549433962765,
      "23,22": 59.23681287847955,
      "23,23": 0.0,
      "23,24": 60.166435825965294,
      "23,25": 25.709920264364882,
      "23,1000": 62.80442545088257,
      "23,1001": 61.4373273984306,
      "23,1002": 21.87439030365402,
      "23,1003": 51.070426867836034,
      "23,1004": 47.7073870268607,
      "23,1005": 23.57990001937142,
      "23,1006": 54.57932203571894,
      "23,1007": 16.33797684304378,
      "23,1008": 4.455304044122325,
      "23,1009": 24.28957463247169,
      "24,1": 72.94518489934754,
      "24,2": 6.708203932499369,
      "24,3": 57.0087712549569,
      "24,4": 14.142135623730951,
      "24,5": 36.235341863986875,
      "24,6": 12.041594578792296,
      "24,7": 2.0,
      "24,8": 27.459060435491963,
      "24,9": 35.05709628591621,
      "24,10": 29.154759474226502,
      "24,11": 51.03920062069938,
      "24,12": 30.23243291566195,
      "24,13": 31.78049716414141,
      "24,14": 5.0,
      "24,15": 31.622776601683793,
      "24,16": 34.9857113690718,
      "24,17": 20.615528128088304,
      "24,18": 32.449961479175904,
      "24,19": 20.0,
      "24,20": 40.24922359499622,
      "24,21": 46.75467891024384,
      "24,22": 38.118237105091836,
      "24,23": 60.166435825965294,
      "24,24": 0.0,
      "24,25": 64.6297145282261,
      "24,1000": 13.505248556787182,
      "24,1001": 28.131890812816618,
      "24,1002": 43.3471600182475,
      "24,1003": 11.594541485977308,
      "24,1004": 28.218091083797802,
      "24,1005": 38.82629611496003,
      "24,1006": 14.56183533600851,
      "24,1007": 44.79479316118952,
      "24,1008": 64.29897179089743,
      "24,1009": 73.94189646635708,
      "25,1": 49.09175083453431,
      "25,2": 67.06713054842886,
      "25,3": 31.953090617340916,
      "25,4": 66.12866246946176,
      "25,5": 97.40636529508737,
      "25,6": 52.61178575186362,
      "25,7": 62.64982043070834,
      "25,8": 77.82673062643708,
      "25,9": 76.02631123499285,
      "25,10": 83.19254774317228,
      "25,11": 43.9089968002003,
      "25,12": 46.87216658103186,
      "25,13": 33.06055050963308,
      "25,14": 69.58448102845921,
      "25,15": 89.15716460273958,
      "25,16": 97.8008179924892,
      "25,17": 45.0111097397076,
      "25,18": 89.55445270895244,
      "25,19": 84.48076704197234,
      "25,20": 38.897300677553446,
      "25,21": 104.69479452198185,
      "25,22": 77.00649323271382,
      "25,23": 25.709920264364882,
      "25,24": 64.6297145282261,
      "25,25": 0.0,
      "25,1000": 72.04683580186773,
      "25,1001": 75.89860651555448,
      "25,1002": 41.37537806559026,
      "25,1003": 59.34106612727665,
      "25,1004": 41.68845583361161,
      "25,1005": 39.88146391941348,
      "25,1006": 53.800580207222396,
      "25,1007": 33.8530636459671,
      "25,1008": 24.484917590561256,
      "25,1009": 48.947816086975735,
      "1000,1": 71.1774633117604,
      "1000,2": 18.734033799676745,
      "1000,3": 58.31543039239685,
      "1000,4": 6.8486048847456455,
      "1000,5": 25.47918993448769,
      "1000,6": 21.584014250790837,
      "1000,7": 14.326651628841676,
      "1000,8": 14.347483558421334,
      "1000,9": 23.331932020883247,
      "1000,10": 15.66099165182083,
      "1000,11": 49.49209345336002,
      "1000,12": 30.031237675544375,
      "1000,13": 40.76659473704734,
      "1000,14": 12.658543273087478,
      "1000,15": 18.829846338646533,
      "1000,16": 25.84340002757222,
      "1000,17": 31.44930331961776,
      "1000,18": 19.551276951156876,
      "1000,19": 19.84388206588384,
      "1000,20": 41.06459788350029,
      "1000,21": 34.49882772867635,
      "1000,22": 26.492972801014712,
      "1000,23": 62.80442545088257,
      "1000,24": 13.505248556787182,
      "1000,25": 72.04683580186773,
      "1000,1000": 0.0,
      "1000,1001": 15.583722598309064,
      "1000,1002": 42.93520148696239,
      "1000,1003": 12.706020449999855,
      "1000,1004": 40.125847055545286,
      "1000,1005": 39.546170381757456,
      "1000,1006": 27.448368370476366,
      "1000,1007": 46.53765276248937,
      "1000,1008": 67.19195838781164,
      "1000,1009": 72.29433164143741,
      "1001,1": 64.36611683595521,
      "1001,2": 34.050479051160934,
      "1001,3": 55.69262043305325,
      "1001,4": 14.669911295718505,
      "1001,5": 26.243323327435476,
      "1001,6": 32.34782778515572,
      "1001,7": 28.361694013243838,
      "1001,8": 2.944949336312597,
      "1001,9": 8.150902564091682,
      "1001,10": 8.81620705312335,
      "1001,11": 44.25596905894492,
      "1001,12": 29.39815039902039,
      "1001,13": 48.30341890477728,
      "1001,14": 28.177069830141097,
      "1001,15": 15.886199226037753,
      "1001,16": 29.515264243131988,
      "1001,17": 41.837902438394636,
      "1001,18": 15.78882781321394,
      "1001,19": 33.19004692280326,
      "1001,20": 39.5420060319513,
      "1001,21": 29.58424418106423,
      "1001,22": 11.255029520418894,
      "1001,23": 61.4373273984306,
      "1001,24": 28.131890812816618,
      "1001,25": 75.89860651555448,
      "1001,1000": 15.583722598309064,
      "1001,1001": 0.0,
      "1001,1002": 39.736053787946375,
      "1001,1003": 21.441300557738543,
      "1001,1004": 51.08770103365923,
      "1001,1005": 38.13013448896179,
      "1001,1006": 40.38888920719436,
      "1001,1007": 45.41982591882775,
      "1001,1008": 65.8824973339992,
      "1001,1009": 65.57192679671195,
      "1002,1": 29.66912508646013,
      "1002,2": 49.149765270271295,
      "1002,3": 15.971959988601155,
      "1002,4": 36.09078606876138,
      "1002,5": 65.09474475372538,
      "1002,6": 34.33108993445286,
      "1002,7": 41.6486165096986,
      "1002,8": 42.33952772420294,
      "1002,9": 37.27534321632523,
      "1002,10": 48.3088261225151,
      "1002,11": 8.200020130726093,
      "1002,12": 13.255800757050622,
      "1002,13": 30.054743574532914,
      "1002,14": 47.69589964385403,
      "1002,15": 55.20775188588722,
      "1002,16": 67.23840290709194,
      "1002,17": 35.40287219249667,
      "1002,18": 55.281409777610165,
      "1002,19": 61.340578138812106,
      "1002,20": 4.563443634044926,
      "1002,21": 69.24261777072344,
      "1002,22": 37.47908611180563,
      "1002,23": 21.87439030365402,
      "1002,24": 43.3471600182475,
      "1002,25": 41.37537806559026,
      "1002,1000": 42.93520148696239,
      "1002,1001": 39.736053787946375,
      "1002,1002": 0.0,
      "1002,1003": 32.6051633165373,
      "1002,1004": 41.30752932659577,
      "1002,1005": 5.286736252511595,
      "1002,1006": 42.4094222917818,
      "1002,1007": 7.536531363389197,
      "1002,1008": 26.27567011853295,
      "1002,1009": 30.631076641334996,
      "1003,1": 61.94497638455985,
      "1003,2": 18.189197141450084,
      "1003,3": 47.15275089640173,
      "1003,4": 7.441960794138098,
      "1003,5": 38.125721823167275,
      "1003,6": 10.911007575014466,
      "1003,7": 10.427577377880496,
      "1003,8": 21.949683296524398,
      "1003,9": 26.652493245401896,
      "1003,10": 25.824129486060386,
      "1003,11": 39.990497835884206,
      "1003,12": 19.349716808362707,
      "1003,13": 28.43895816306407,
      "1003,14": 15.286626443265968,
      "1003,15": 30.637282346501358,
      "1003,16": 38.51394326664931,
      "1003,17": 20.488516369245676,
      "1003,18": 31.206285292502965,
      "1003,19": 28.834417199827133,
      "1003,20": 29.987598938572535,
      "1003,21": 46.44770461625845,
      "1003,22": 29.42912505632033,
      "1003,23": 51.070426867836034,
      "1003,24": 11.594541485977308,
      "1003,25": 59.34106612727665,
      "1003,1000": 12.706020449999855,
      "1003,1001": 21.441300557738543,
      "1003,1002": 32.6051633165373,
      "1003,1003": 0.0,
      "1003,1004": 29.68950413471921,
      "1003,1005": 28.499176524186453,
      "1003,1006": 19.482463307120184,
      "1003,1007": 35.06288267476699,
      "1003,1008": 55.38056920274515,
      "1003,1009": 62.981180711920224,
      "1004,1": 68.0132317136294,
      "1004,2": 27.971967492977388,
      "1004,3": 47.95405393500814,
      "1004,4": 36.92214065467545,
      "1004,5": 64.41676123104746,
      "1004,6": 18.89892704331024,
      "1004,7": 26.61531252911428,
      "1004,8": 51.6230374078761,
      "1004,9": 55.502692590319015,
      "1004,10": 55.105311916259204,
      "1004,11": 49.21559115648088,
      "1004,12": 33.44976731701099,
      "1004,13": 12.35297158991081,
      "1004,14": 32.418747244321644,
      "1004,15": 58.95268706834613,
      "1004,16": 63.15475379965922,
      "1004,17": 9.280858083656575,
      "1004,18": 59.67575481933181,
      "1004,19": 45.99041963631471,
      "1004,20": 36.773515137798384,
      "1004,21": 74.522913528178,
      "1004,22": 57.93906441353611,
      "1004,23": 47.7073870268607,
      "1004,24": 28.218091083797802,
      "1004,25": 41.68845583361161,
      "1004,1000": 40.125847055545286,
      "1004,1001": 51.08770103365923,
      "1004,1002": 41.30752932659577,
      "1004,1003": 29.68950413471921,
      "1004,1004": 0.0,
      "1004,1005": 36.103564317729386,
      "1004,1006": 14.10046670635716,
      "1004,1007": 37.78101669732298,
      "1004,1008": 50.68299021386028,
      "1004,1009": 68.6468212265166,
      "1005,1": 34.55877912138985,
      "1005,2": 44.422592902235955,
      "1005,3": 18.778711834579088,
      "1005,4": 32.715836442335984,
      "1005,5": 62.70472414997029,
      "1005,6": 29.331753820649077,
      "1005,7": 37.06098944828696,
      "1005,8": 40.54215863999958,
      "1005,9": 36.74968676023161,
      "1005,10": 46.40646097853683,
      "1005,11": 13.460752134822147,
      "1005,12": 9.527153273693242,
      "1005,13": 25.072487511625788,
      "1005,14": 43.32888295130476,
