{
  "metadata": {
    "source": "Mankowska HCSRP",
    "seed": 1,
    "sigma": 0.15
  },
  "parameters": {
    "p": 10
  },
  "sets": {
    "customers": [
      1,
      2,
      3,
      4,
      5,
      6,
      7,
      8,
      9,
      10,
      11,
      12,
      13,
      14,
      15,
      16,
      17,
      18,
      19,
      20,
      21,
      22,
      23,
      24,
      25,
      26,
      27,
      28,
      29,
      30,
      31,
      32,
      33,
      34,
      35,
      36,
      37,
      38,
      39,
      40,
      41,
      42,
      43,
      44,
      45,
      46,
      47,
      48,
      49,
      50
    ],
    "facilities": [
      1000,
      1001,
      1002,
      1003,
      1004,
      1005,
      1006,
      1007,
      1008,
      1009,
      1010,
      1011,
      1012,
      1013,
      1014,
      1015,
      1016,
      1017,
      1018,
      1019
    ],
    "vehicles": [
      0,
      1,
      2,
      3,
      4,
      5,
      6,
      7,
      8,
      9
    ]
  },
  "coordinates": {
    "customers": {
      "1": {
        "x": 74.0,
        "y": 3.0
      },
      "2": {
        "x": 6.0,
        "y": 40.0
      },
      "3": {
        "x": 54.0,
        "y": 18.0
      },
      "4": {
        "x": 22.0,
        "y": 44.0
      },
      "5": {
        "x": 31.0,
        "y": 49.0
      },
      "6": {
        "x": 47.0,
        "y": 23.0
      },
      "7": {
        "x": 28.0,
        "y": 20.0
      },
      "8": {
        "x": 78.0,
        "y": 14.0
      },
      "9": {
        "x": 17.0,
        "y": 29.0
      },
      "10": {
        "x": 8.0,
        "y": 16.0
      },
      "11": {
        "x": 8.0,
        "y": 5.0
      },
      "12": {
        "x": 61.0,
        "y": 13.0
      },
      "13": {
        "x": 80.0,
        "y": 28.0
      },
      "14": {
        "x": 15.0,
        "y": 48.0
      },
      "15": {
        "x": 89.0,
        "y": 4.0
      },
      "16": {
        "x": 57.0,
        "y": 38.0
      },
      "17": {
        "x": 7.0,
        "y": 11.0
      },
      "18": {
        "x": 46.0,
        "y": 43.0
      },
      "19": {
        "x": 69.0,
        "y": 40.0
      },
      "20": {
        "x": 84.0,
        "y": 3.0
      },
      "21": {
        "x": 70.0,
        "y": 24.0
      },
      "22": {
        "x": 41.0,
        "y": 24.0
      },
      "23": {
        "x": 52.0,
        "y": 20.0
      },
      "24": {
        "x": 53.0,
        "y": 38.0
      },
      "25": {
        "x": 25.0,
        "y": 18.0
      },
      "26": {
        "x": 12.0,
        "y": 23.0
      },
      "27": {
        "x": 3.0,
        "y": 41.0
      },
      "28": {
        "x": 59.0,
        "y": 1.0
      },
      "29": {
        "x": 47.0,
        "y": 42.0
      },
      "30": {
        "x": 99.0,
        "y": 26.0
      },
      "31": {
        "x": 7.0,
        "y": 40.0
      },
      "32": {
        "x": 98.0,
        "y": 5.0
      },
      "33": {
        "x": 33.0,
        "y": 47.0
      },
      "34": {
        "x": 44.0,
        "y": 8.0
      },
      "35": {
        "x": 49.0,
        "y": 35.0
      },
      "36": {
        "x": 58.0,
        "y": 16.0
      },
      "37": {
        "x": 55.0,
        "y": 5.0
      },
      "38": {
        "x": 69.0,
        "y": 5.0
      },
      "39": {
        "x": 13.0,
        "y": 44.0
      },
      "40": {
        "x": 65.0,
        "y": 24.0
      },
      "41": {
        "x": 84.0,
        "y": 49.0
      },
      "42": {
        "x": 56.0,
        "y": 23.0
      },
      "43": {
        "x": 88.0,
        "y": 15.0
      },
      "44": {
        "x": 91.0,
        "y": 6.0
      },
      "45": {
        "x": 43.0,
        "y": 46.0
      },
      "46": {
        "x": 0.0,
        "y": 39.0
      },
      "47": {
        "x": 0.0,
        "y": 42.0
      },
      "48": {
        "x": 27.0,
        "y": 14.0
      },
      "49": {
        "x": 54.0,
        "y": 9.0
      },
      "50": {
        "x": 0.0,
        "y": 0.0
      }
    },
    "facilities": {
      "1000": {
        "x": 18.50891721986922,
        "y": 20.82824945586993
      },
      "1001": {
        "x": 96.78298325557022,
        "y": 12.624084753764249
      },
      "1002": {
        "x": 7.331987942612267,
        "y": 42.442331511654345
      },
      "1003": {
        "x": 70.58081575149735,
        "y": 22.4338333254607
      },
      "1004": {
        "x": 23.757751873011443,
        "y": 17.916244827637012
      },
      "1005": {
        "x": 46.66168900515145,
        "y": 14.617330830819686
      },
      "1006": {
        "x": 27.37562074675377,
        "y": 46.192069314754676
      },
      "1007": {
        "x": 60.79563229180971,
        "y": 14.429794105318177
      },
      "1008": {
        "x": 37.75155951325146,
        "y": 50.12908645304867
      },
      "1009": {
        "x": 8.845887258648911,
        "y": 33.718125317894355
      },
      "1010": {
        "x": 65.8508682435213,
        "y": 30.1989305759058
      },
      "1011": {
        "x": 33.41779919611613,
        "y": 20.65390370720258
      },
      "1012": {
        "x": 17.429688151665367,
        "y": 48.22383539390559
      },
      "1013": {
        "x": 82.7288117359892,
        "y": 1.4421399992283046
      },
      "1014": {
        "x": 58.60071386548654,
        "y": 23.40611132828142
      },
      "1015": {
        "x": 51.067370218658354,
        "y": 6.7516121228711885
      },
      "1016": {
        "x": 68.64958001663715,
        "y": 19.923948368566254
      },
      "1017": {
        "x": 27.105676411592007,
        "y": 15.780045159651033
      },
      "1018": {
        "x": -9.309483396973167,
        "y": 33.85479947086135
      },
      "1019": {
        "x": 11.948084951086056,
        "y": 38.28627998601549
      }
    }
  },
  "time_windows": {
    "e": {
      "1": 287.0,
      "2": 172.0,
      "3": 194.0,
      "4": 464.0,
      "5": 426.0,
      "6": 5.0,
      "7": 334.0,
      "8": 131.0,
      "9": 122.0,
      "10": 201.0,
      "11": 71.0,
      "12": 183.0,
      "13": 427.0,
      "14": 0.0,
      "15": 68.0,
      "16": 10.0,
      "17": 138.0,
      "18": 295.0,
      "19": 257.0,
      "20": 177.0,
      "21": 228.0,
      "22": 125.0,
      "23": 168.0,
      "24": 476.0,
      "25": 361.0,
      "26": 442.0,
      "27": 380.0,
      "28": 87.0,
      "29": 195.0,
      "30": 320.0,
      "31": 289.0,
      "32": 332.0,
      "33": 397.0,
      "34": 169.0,
      "35": 427.0,
      "36": 230.0,
      "37": 466.0,
      "38": 63.0,
      "39": 289.0,
      "40": 433.0,
      "41": 324.0,
      "42": 11.0,
      "43": 270.0,
      "44": 477.0,
      "45": 21.0,
      "46": 38.0,
      "47": 292.0,
      "48": 322.0,
      "49": 53.0,
      "50": 75.0
    },
    "l": {
      "1": 407.0,
      "2": 292.0,
      "3": 314.0,
      "4": 584.0,
      "5": 546.0,
      "6": 125.0,
      "7": 454.0,
      "8": 251.0,
      "9": 242.0,
      "10": 321.0,
      "11": 191.0,
      "12": 303.0,
      "13": 547.0,
      "14": 120.0,
      "15": 188.0,
      "16": 130.0,
      "17": 258.0,
      "18": 415.0,
      "19": 377.0,
      "20": 297.0,
      "21": 348.0,
      "22": 245.0,
      "23": 288.0,
      "24": 596.0,
      "25": 481.0,
      "26": 562.0,
      "27": 500.0,
      "28": 207.0,
      "29": 315.0,
      "30": 440.0,
      "31": 409.0,
      "32": 452.0,
      "33": 517.0,
      "34": 289.0,
      "35": 547.0,
      "36": 350.0,
      "37": 586.0,
      "38": 183.0,
      "39": 409.0,
      "40": 553.0,
      "41": 444.0,
      "42": 131.0,
      "43": 390.0,
      "44": 597.0,
      "45": 141.0,
      "46": 158.0,
      "47": 412.0,
      "48": 442.0,
      "49": 173.0,
      "50": 195.0
    }
  },
  "travel_time": {
    "matrix": {
      "1,1": 0.0,
      "1,2": 77.41446893184762,
      "1,3": 25.0,
      "1,4": 66.21933252457322,
      "1,5": 62.96824596572466,
      "1,6": 33.60059523282288,
      "1,7": 49.040799340956916,
      "1,8": 11.704699910719626,
      "1,9": 62.64982043070834,
      "1,10": 67.26812023536856,
      "1,11": 66.03029607687671,
      "1,12": 16.401219466856727,
      "1,13": 25.709920264364882,
      "1,14": 74.2024258363566,
      "1,15": 15.033296378372908,
      "1,16": 38.91015291668744,
      "1,17": 67.47592163134935,
      "1,18": 48.82622246293481,
      "1,19": 37.33630940518894,
      "1,20": 10.0,
      "1,21": 21.37755832643195,
      "1,22": 39.11521443121589,
      "1,23": 27.80287754891569,
      "1,24": 40.8166632639171,
      "1,25": 51.24451190127583,
      "1,26": 65.14598989960932,
      "1,27": 80.52949770115296,
      "1,28": 15.132745950421556,
      "1,29": 47.43416490252569,
      "1,30": 33.97057550292606,
      "1,31": 76.53757247260981,
      "1,32": 24.08318915758459,
      "1,33": 60.14149981501958,
      "1,34": 30.4138126514911,
      "1,35": 40.607881008493905,
      "1,36": 20.615528128088304,
      "1,37": 19.1049731745428,
      "1,38": 5.385164807134504,
      "1,39": 73.49829930005184,
      "1,40": 22.847319317591726,
      "1,41": 47.07440918375928,
      "1,42": 26.90724809414742,
      "1,43": 18.439088914585774,
      "1,44": 17.26267650163207,
      "1,45": 53.009433122794285,
      "1,46": 82.29216244576394,
      "1,47": 83.64807230295268,
      "1,48": 48.27007354458868,
      "1,49": 20.8806130178211,
      "1,50": 74.06078584514209,
      "1,1000": 58.28470422651258,
      "1,1001": 24.73231354667877,
      "1,1002": 77.46174118078703,
      "1,1003": 19.73232623506401,
      "1,1004": 52.409711472320595,
      "1,1005": 29.70430311728876,
      "1,1006": 63.556176666324966,
      "1,1007": 17.464120930154618,
      "1,1008": 59.45670885291488,
      "1,1009": 72.03236515732736,
      "1,1010": 28.393488212218536,
      "1,1011": 44.255794402427505,
      "1,1012": 72.42510248769344,
      "1,1013": 8.86674021861175,
      "1,1014": 25.56457300630765,
      "1,1015": 23.237471940995473,
      "1,1016": 17.749564005357005,
      "1,1017": 48.60459997877812,
      "1,1018": 88.83967961591044,
      "1,1019": 71.38320332185373,
      "2,1": 77.41446893184762,
      "2,2": 0.0,
      "2,3": 52.80151512977634,
      "2,4": 16.492422502470642,
      "2,5": 26.570660511172846,
      "2,6": 44.384682042344295,
      "2,7": 29.732137494637012,
      "2,8": 76.55063683601855,
      "2,9": 15.556349186104045,
      "2,10": 24.08318915758459,
      "2,11": 35.05709628591621,
      "2,12": 61.26989472816156,
      "2,13": 74.96665925596525,
      "2,14": 12.041594578792296,
      "2,15": 90.47098982546837,
      "2,16": 51.03920062069938,
      "2,17": 29.017236257093817,
      "2,18": 40.11234224026316,
      "2,19": 63.0,
      "2,20": 86.33075929238663,
      "2,21": 65.96969000988257,
      "2,22": 38.48376280978771,
      "2,23": 50.15974481593781,
      "2,24": 47.042533945356304,
      "2,25": 29.068883707497267,
      "2,26": 18.027756377319946,
      "2,27": 3.1622776601683795,
      "2,28": 65.80273550544841,
      "2,29": 41.048751503547585,
      "2,30": 94.04786015641186,
      "2,31": 1.0,
      "2,32": 98.43271813782245,
      "2,33": 27.892651361962706,
      "2,34": 49.678969393496885,
      "2,35": 43.289721643826724,
      "2,36": 57.271284253105414,
      "2,37": 60.21627686929839,
      "2,38": 72.069410986909,
      "2,39": 8.06225774829855,
      "2,40": 61.1310068623117,
      "2,41": 78.5175139698144,
      "2,42": 52.81098370604357,
      "2,43": 85.72630868059116,
      "2,44": 91.54780172128658,
      "2,45": 37.48332962798263,
      "2,46": 6.082762530298219,
      "2,47": 6.324555320336759,
      "2,48": 33.421549934136806,
      "2,49": 57.14017850864661,
      "2,50": 40.44749683231337,
      "2,1000": 22.891680343301413,
      "2,1001": 94.82083518061958,
      "2,1002": 2.7819372911847347,
      "2,1003": 66.92721400720744,
      "2,1004": 28.337783860004127,
      "2,1005": 47.93383822419931,
      "2,1006": 22.254412701928953,
      "2,1007": 60.46814655465835,
      "2,1008": 33.328065108807074,
      "2,1009": 6.89645008759,
      "2,1010": 60.64806172796672,
      "2,1011": 33.55603007700309,
      "2,1012": 14.080811050162344,
      "2,1013": 85.87210908237891,
      "2,1014": 55.156071654969935,
      "2,1015": 56.004670830687154,
      "2,1016": 65.7876715302268,
      "2,1017": 32.12562511857745,
      "2,1018": 16.496780638219175,
      "2,1019": 6.1900364192521105,
      "3,1": 25.0,
      "3,2": 52.80151512977634,
      "3,3": 0.0,
      "3,4": 41.23105625617661,
      "3,5": 38.600518131237564,
      "3,6": 8.602325267042627,
      "3,7": 26.076809620810597,
      "3,8": 24.331050121192877,
      "3,9": 38.600518131237564,
      "3,10": 46.04345773288535,
      "3,11": 47.80167361086848,
      "3,12": 8.602325267042627,
      "3,13": 27.85677655436824,
      "3,14": 49.20365840057018,
      "3,15": 37.69615364994153,
      "3,16": 20.223748416156685,
      "3,17": 47.51841748206689,
      "3,18": 26.248809496813376,
      "3,19": 26.627053911388696,
      "3,20": 33.54101966249684,
      "3,21": 17.08800749063506,
      "3,22": 14.317821063276353,
      "3,23": 2.8284271247461903,
      "3,24": 20.024984394500787,
      "3,25": 29.0,
      "3,26": 42.2965719651132,
      "3,27": 55.94640292279746,
      "3,28": 17.72004514666935,
      "3,29": 25.0,
      "3,30": 45.70557952810576,
      "3,31": 51.894122981316485,
      "3,32": 45.880278987817846,
      "3,33": 35.805027579936315,
      "3,34": 14.142135623730951,
      "3,35": 17.72004514666935,
      "3,36": 4.47213595499958,
      "3,37": 13.038404810405298,
      "3,38": 19.849433241279208,
      "3,39": 48.54894437575342,
      "3,40": 12.529964086141668,
      "3,41": 43.139309220245984,
      "3,42": 5.385164807134504,
      "3,43": 34.132096331752024,
      "3,44": 38.897300677553446,
      "3,45": 30.083217912982647,
      "3,46": 57.9396237474839,
      "3,47": 59.09314681077663,
      "3,48": 27.294688127912362,
      "3,49": 9.0,
      "3,50": 56.92099788303083,
      "3,1000": 35.603594648444194,
      "3,1001": 43.11941698331636,
      "3,1002": 52.68140961586068,
      "3,1003": 17.1634008559804,
      "3,1004": 30.242364105724942,
      "3,1005": 8.080424429770884,
      "3,1006": 38.776930549859415,
      "3,1007": 7.676391624709342,
      "3,1008": 36.00402775466774,
      "3,1009": 47.81164461684701,
      "3,1010": 17.00755671226973,
      "3,1011": 20.752594893615147,
      "3,1012": 47.44331285441969,
      "3,1013": 33.15882011723375,
      "3,1014": 7.098775089115923,
      "3,1015": 11.62439449041327,
      "3,1016": 14.775377219846643,
      "3,1017": 26.985789608073123,
      "3,1018": 65.26457962978729,
      "3,1019": 46.6893640452736,
      "4,1": 66.21933252457322,
      "4,2": 16.492422502470642,
      "4,3": 41.23105625617661,
      "4,4": 0.0,
      "4,5": 10.295630140987,
      "4,6": 32.64965543462902,
      "4,7": 24.73863375370596,
      "4,8": 63.52952069707436,
      "4,9": 15.811388300841896,
      "4,10": 31.304951684997057,
      "4,11": 41.43669871020132,
      "4,12": 49.8196748283246,
      "4,13": 60.166435825965294,
      "4,14": 8.06225774829855,
      "4,15": 78.03204469959762,
      "4,16": 35.510561809129406,
      "4,17": 36.24913792078372,
      "4,18": 24.020824298928627,
      "4,19": 47.16990566028302,
      "4,20": 74.33034373659252,
      "4,21": 52.0,
      "4,22": 27.586228448267445,
      "4,23": 38.41874542459709,
      "4,24": 31.575306807693888,
      "4,25": 26.1725046566048,
      "4,26": 23.259406699226016,
      "4,27": 19.235384061671343,
      "4,28": 56.72741841473134,
      "4,29": 25.079872407968907,
      "4,30": 79.07591289387686,
      "4,31": 15.524174696260024,
      "4,32": 85.42247947700886,
      "4,33": 11.40175425099138,
      "4,34": 42.190046219457976,
      "4,35": 28.460498941515414,
      "4,36": 45.60701700396552,
      "4,37": 51.088159097779204,
      "4,38": 61.07372593840988,
      "4,39": 9.0,
      "4,40": 47.4236228055175,
      "4,41": 62.20128616033595,
      "4,42": 39.96248240537617,
      "4,43": 72.09022125087424,
      "4,44": 78.77182237323191,
      "4,45": 21.095023109728988,
      "4,46": 22.561028345356956,
      "4,47": 22.090722034374522,
      "4,48": 30.4138126514911,
      "4,49": 47.4236228055175,
      "4,50": 49.193495504995376,
      "4,1000": 23.433260171327376,
      "4,1001": 81.09835166106562,
      "4,1002": 14.750488427006644,
      "4,1003": 53.15256535779758,
      "4,1004": 26.142914442327353,
      "4,1005": 38.36065891108112,
      "4,1006": 5.805382527759787,
      "4,1007": 48.78010005704359,
      "4,1008": 16.90199183080051,
      "4,1009": 16.695736850786194,
      "4,1010": 45.971384174933576,
      "4,1011": 25.988581157796965,
      "4,1012": 6.223225516228502,
      "4,1013": 74.15632152898701,
      "4,1014": 41.996672559696414,
      "4,1015": 47.24779794734971,
      "4,1016": 52.49609107246077,
      "4,1017": 28.67810633237875,
      "4,1018": 32.912138252653435,
      "4,1019": 11.562335082014783,
      "5,1": 62.96824596572466,
      "5,2": 26.570660511172846,
      "5,3": 38.600518131237564,
      "5,4": 10.295630140987,
      "5,5": 0.0,
      "5,6": 30.528675044947494,
      "5,7": 29.154759474226502,
      "5,8": 58.60034129593445,
      "5,9": 24.413111231467404,
      "5,10": 40.22437072223753,
      "5,11": 49.64876634922564,
      "5,12": 46.861498055439924,
      "5,13": 53.31041174104736,
      "5,14": 16.0312195418814,
      "5,15": 73.40980860893181,
      "5,16": 28.231188426986208,
      "5,17": 44.94441010848846,
      "5,18": 16.15549442140351,
      "5,19": 39.05124837953327,
      "5,20": 70.178344238091,
      "5,21": 46.32493928760188,
      "5,22": 26.92582403567252,
      "5,23": 35.805027579936315,
      "5,24": 24.596747752497688,
      "5,25": 31.575306807693888,
      "5,26": 32.202484376209235,
      "5,27": 29.120439557122072,
      "5,28": 55.569775957799216,
      "5,29": 17.46424919657298,
      "5,30": 71.78439941937245,
      "5,31": 25.632011235952593,
      "5,32": 80.15609770940699,
      "5,33": 2.8284271247461903,
      "5,34": 43.01162633521314,
      "5,35": 22.80350850198276,
      "5,36": 42.638011210655684,
      "5,37": 50.11985634456667,
      "5,38": 58.137767414994535,
      "5,39": 18.681541692269406,
      "5,40": 42.20189569201838,
      "5,41": 53.0,
      "5,42": 36.069377593742864,
      "5,43": 66.37017402418047,
      "5,44": 73.81734213584231,
      "5,45": 12.36931687685298,
      "5,46": 32.57299494980466,
      "5,47": 31.78049716414141,
      "5,48": 35.22782990761707,
      "5,49": 46.14108798023731,
      "5,50": 57.982756057296896,
      "5,1000": 30.816792139039595,
      "5,1001": 75.1705267774808,
      "5,1002": 24.559678555544917,
      "5,1003": 47.66971981597315,
      "5,1004": 31.91629667659254,
      "5,1005": 37.781694531762135,
      "5,1006": 4.584822756062001,
      "5,1007": 45.638567454176595,
      "5,1008": 6.845318990334511,
      "5,1009": 26.91357287979573,
      "5,1010": 39.598778122776615,
      "5,1011": 28.449023322309035,
      "5,1012": 13.59249039568559,
      "5,1013": 70.26820057088707,
      "5,1014": 37.64102207996996,
      "5,1015": 46.7720603107135,
      "5,1016": 47.57002894578648,
      "5,1017": 33.44743870322593,
      "5,1018": 43.0607890173726,
      "5,1019": 21.85770490168366,
      "6,1": 33.60059523282288,
      "6,2": 44.384682042344295,
      "6,3": 8.602325267042627,
      "6,4": 32.64965543462902,
      "6,5": 30.528675044947494,
      "6,6": 0.0,
      "6,7": 19.235384061671343,
      "6,8": 32.28002478313795,
      "6,9": 30.59411708155671,
      "6,10": 39.6232255123179,
      "6,11": 42.95346318982906,
      "6,12": 17.204650534085253,
      "6,13": 33.37663853655727,
      "6,14": 40.607881008493905,
      "6,15": 46.09772228646444,
      "6,16": 18.027756377319946,
      "6,17": 41.7612260356422,
      "6,18": 20.024984394500787,
      "6,19": 27.80287754891569,
      "6,20": 42.05948168962618,
      "6,21": 23.021728866442675,
      "6,22": 6.082762530298219,
      "6,23": 5.830951894845301,
      "6,24": 16.15549442140351,
      "6,25": 22.561028345356956,
      "6,26": 35.0,
      "6,27": 47.53945729601885,
      "6,28": 25.059928172283335,
      "6,29": 19.0,
      "6,30": 52.08646657242167,
      "6,31": 43.46262762420146,
      "6,32": 54.08326913195984,
      "6,33": 27.784887978899608,
      "6,34": 15.297058540778355,
      "6,35": 12.165525060596439,
      "6,36": 13.038404810405298,
      "6,37": 19.697715603592208,
      "6,38": 28.42534080710379,
      "6,39": 39.96248240537617,
      "6,40": 18.027756377319946,
      "6,41": 45.221676218380054,
      "6,42": 9.0,
      "6,43": 41.773197148410844,
      "6,44": 47.16990566028302,
      "6,45": 23.345235059857504,
      "6,46": 49.64876634922564,
      "6,47": 50.695167422546305,
      "6,48": 21.93171219946131,
      "6,49": 15.652475842498529,
      "6,50": 52.32590180780452,
      "6,1000": 28.573734414846687,
      "6,1001": 50.85277808558203,
      "6,1002": 44.17641265646325,
      "6,1003": 23.5876114986114,
      "6,1004": 23.79173521727725,
      "6,1005": 8.389493234347448,
      "6,1006": 30.380723167423557,
      "6,1007": 16.240932836757313,
      "6,1008": 28.662187341756013,
      "6,1009": 39.630979415222846,
      "6,1010": 20.17869755388864,
      "6,1011": 13.783335825992976,
      "6,1012": 38.86701962829931,
      "6,1013": 41.72875885859333,
      "6,1014": 11.60782014849688,
      "6,1015": 16.749734597934843,
      "6,1016": 21.86701645254836,
      "6,1017": 21.163928249192423,
      "6,1018": 57.34618201752065,
      "6,1019": 38.24012427290394,
      "7,1": 49.040799340956916,
      "7,2": 29.732137494637012,
      "7,3": 26.076809620810597,
      "7,4": 24.73863375370596,
      "7,5": 29.154759474226502,
      "7,6": 19.235384061671343,
      "7,7": 0.0,
      "7,8": 50.35871324805669,
      "7,9": 14.212670403551895,
      "7,10": 20.396078054371138,
      "7,11": 25.0,
      "7,12": 33.734255586866,
      "7,13": 52.61178575186362,
      "7,14": 30.870698080866262,
      "7,15": 63.06346010171025,
      "7,16": 34.132096331752024,
      "7,17": 22.847319317591726,
      "7,18": 29.206163733020468,
      "7,19": 45.617978911828175,
      "7,20": 58.52349955359813,
      "7,21": 42.190046219457976,
      "7,22": 13.601470508735444,
      "7,23": 24.0,
      "7,24": 30.805843601498726,
      "7,25": 3.605551275463989,
      "7,26": 16.278820596099706,
      "7,27": 32.64965543462902,
      "7,28": 36.359317925395686,
      "7,29": 29.068883707497267,
      "7,30": 71.25307010929424,
      "7,31": 29.0,
      "7,32": 71.58910531638176,
      "7,33": 27.459060435491963,
      "7,34": 20.0,
      "7,35": 25.80697580112788,
      "7,36": 30.265491900843113,
      "7,37": 30.886890422961002,
      "7,38": 43.657759905886145,
      "7,39": 28.30194339616981,
      "7,40": 37.21558813185679,
      "7,41": 63.06346010171025,
      "7,42": 28.160255680657446,
      "7,43": 60.207972893961475,
      "7,44": 64.53681120105021,
      "7,45": 30.01666203960727,
      "7,46": 33.83784863137726,
      "7,47": 35.608987629529715,
      "7,48": 6.082762530298219,
      "7,49": 28.231188426986208,
      "7,50": 34.40930106817051,
      "7,1000": 9.527153273693242,
      "7,1001": 69.17732946027698,
      "7,1002": 30.509424217499063,
      "7,1003": 42.65031552895111,
      "7,1004": 4.726383902021441,
      "7,1005": 19.42245514629484,
      "7,1006": 26.199510385516707,
      "7,1007": 33.265307621134966,
      "7,1008": 31.667882206358005,
      "7,1009": 23.55985987109945,
      "7,1010": 39.20084707860987,
      "7,1011": 5.457118121108415,
      "7,1012": 30.138287557744906,
      "7,1013": 57.78959250454697,
      "7,1014": 30.789694435931434,
      "7,1015": 26.601190765593557,
      "7,1016": 40.649651159384256,
      "7,1017": 4.31367981372837,
      "7,1018": 39.798907267999155,
      "7,1019": 24.332118947278317,
      "8,1": 11.704699910719626,
      "8,2": 76.55063683601855,
      "8,3": 24.331050121192877,
      "8,4": 63.52952069707436,
      "8,5": 58.60034129593445,
      "8,6": 32.28002478313795,
      "8,7": 50.35871324805669,
      "8,8": 0.0,
      "8,9": 62.81719509815764,
      "8,10": 70.02856560004639,
      "8,11": 70.57619995437555,
      "8,12": 17.029386365926403,
      "8,13": 14.142135623730951,
      "8,14": 71.58910531638176,
      "8,15": 14.866068747318506,
      "8,16": 31.89043743820395,
      "8,17": 71.06335201775947,
      "8,18": 43.18564576337837,
      "8,19": 27.51363298439521,
      "8,20": 12.529964086141668,
      "8,21": 12.806248474865697,
      "8,22": 38.3275357934736,
      "8,23": 26.68332812825267,
      "8,24": 34.655446902326915,
      "8,25": 53.150729063673246,
      "8,26": 66.61080993352356,
      "8,27": 79.71198153351854,
      "8,28": 23.021728866442675,
      "8,29": 41.773197148410844,
      "8,30": 24.186773244895647,
      "8,31": 75.61084578286372,
      "8,32": 21.93171219946131,
      "8,33": 55.80322571321482,
      "8,34": 34.52535300326414,
      "8,35": 35.805027579936315,
      "8,36": 20.09975124224178,
      "8,37": 24.698178070456937,
      "8,38": 12.727922061357855,
      "8,39": 71.58910531638176,
      "8,40": 16.401219466856727,
      "8,41": 35.510561809129406,
      "8,42": 23.769728648009426,
      "8,43": 10.04987562112089,
      "8,44": 15.264337522473747,
      "8,45": 47.4236228055175,
      "8,46": 81.9084855189009,
      "8,47": 82.87339742040264,
      "8,48": 51.0,
      "8,49": 24.515301344262525,
      "8,50": 79.2464510246358,
      "8,1000": 59.88166598370457,
      "8,1001": 18.83331098728673,
      "8,1002": 76.17699226119356,
      "8,1003": 11.232712916961836,
      "8,1004": 54.38343916506005,
      "8,1005": 31.344390779923064,
      "8,1006": 59.99297543498303,
      "8,1007": 17.209735361462915,
      "8,1008": 54.08556045329663,
      "8,1009": 71.91033149065358,
      "8,1010": 20.248623514681064,
      "8,1011": 45.076014276581155,
      "8,1012": 69.57034990909311,
      "8,1013": 13.4186999457254,
      "8,1014": 21.55938850822885,
      "8,1015": 27.890960430865746,
      "8,1016": 11.069034200810394,
      "8,1017": 50.92544289735711,
      "8,1018": 89.53858918407443,
      "8,1019": 70.37527177345804,
      "9,1": 62.64982043070834,
      "9,2": 15.556349186104045,
      "9,3": 38.600518131237564,
      "9,4": 15.811388300841896,
      "9,5": 24.413111231467404,
      "9,6": 30.59411708155671,
      "9,7": 14.212670403551895,
      "9,8": 62.81719509815764,
      "9,9": 0.0,
      "9,10": 15.811388300841896,
      "9,11": 25.632011235952593,
      "9,12": 46.8187996428785,
      "9,13": 63.00793600809346,
      "9,14": 19.1049731745428,
      "9,15": 76.21679604916491,
      "9,16": 41.0,
      "9,17": 20.591260281974,
      "9,18": 32.202484376209235,
      "9,19": 53.150729063673246,
      "9,20": 71.8679344353238,
      "9,21": 53.23532661682466,
      "9,22": 24.515301344262525,
      "9,23": 36.138621999185304,
      "9,24": 37.107950630558946,
      "9,25": 13.601470508735444,
      "9,26": 7.810249675906654,
      "9,27": 18.439088914585774,
      "9,28": 50.47771785649585,
      "9,29": 32.69556544854363,
      "9,30": 82.05485969764375,
      "9,31": 14.866068747318506,
      "9,32": 84.48076704197234,
      "9,33": 24.08318915758459,
      "9,34": 34.20526275297414,
      "9,35": 32.55764119219941,
      "9,36": 43.01162633521314,
      "9,37": 44.94441010848846,
      "9,38": 57.271284253105414,
      "9,39": 15.524174696260024,
      "9,40": 48.25971404805462,
      "9,41": 69.92138442565336,
      "9,42": 39.45883931389772,
      "9,43": 72.3671196055225,
      "9,44": 77.4919350642375,
      "9,45": 31.064449134018133,
      "9,46": 19.72308292331602,
      "9,47": 21.400934559032695,
      "9,48": 18.027756377319946,
      "9,49": 42.05948168962618,
      "9,50": 33.61547262794322,
      "9,1000": 8.309893990413352,
      "9,1001": 81.44627073912282,
      "9,1002": 16.557980964206052,
      "9,1003": 53.98164837603366,
      "9,1004": 12.981403587365772,
      "9,1005": 32.964783740658945,
      "9,1006": 20.080357397312344,
      "9,1007": 46.15569637274284,
      "9,1008": 29.615291937990783,
      "9,1009": 9.420735699191432,
      "9,1010": 48.8655785054441,
      "9,1011": 18.417422560516936,
      "9,1012": 19.22863695532418,
      "9,1013": 71.27210071302265,
      "9,1014": 41.975123401720516,
      "9,1015": 40.688775807909266,
      "9,1016": 52.440955646435874,
      "9,1017": 16.64006916201592,
      "9,1018": 26.753653853593203,
      "9,1019": 10.57151084945359,
      "10,1": 67.26812023536856,
      "10,2": 24.08318915758459,
      "10,3": 46.04345773288535,
      "10,4": 31.304951684997057,
      "10,5": 40.22437072223753,
      "10,6": 39.6232255123179,
      "10,7": 20.396078054371138,
      "10,8": 70.02856560004639,
      "10,9": 15.811388300841896,
      "10,10": 0.0,
      "10,11": 11.0,
      "10,12": 53.08483775994799,
      "10,13": 72.99315036357864,
      "10,14": 32.7566787083184,
      "10,15": 81.88406438373708,
      "10,16": 53.71219600798314,
      "10,17": 5.0990195135927845,
      "10,18": 46.61544808322666,
      "10,19": 65.55150646628954,
      "10,20": 77.10382610480494,
      "10,21": 62.51399843235114,
      "10,22": 33.95585369269929,
      "10,23": 44.181444068749045,
      "10,24": 50.08991914547278,
      "10,25": 17.11724276862369,
      "10,26": 8.06225774829855,
      "10,27": 25.495097567963924,
      "10,28": 53.16013544000805,
      "10,29": 46.87216658103186,
      "10,30": 91.54780172128658,
      "10,31": 24.020824298928627,
      "10,32": 90.6697303403953,
      "10,33": 39.824615503479755,
      "10,34": 36.87817782917155,
      "10,35": 45.18849411078001,
      "10,36": 50.0,
      "10,37": 48.27007354458868,
      "10,38": 61.98386886924694,
      "10,39": 28.442925306655784,
      "10,40": 57.55866572463264,
      "10,41": 82.85529554590944,
      "10,42": 48.507731342539614,
      "10,43": 80.00624975587844,
      "10,44": 83.60023923410746,
      "10,45": 46.09772228646444,
      "10,46": 24.351591323771842,
      "10,47": 27.202941017470888,
      "10,48": 19.1049731745428,
      "10,49": 46.52956049652737,
      "10,50": 17.88854381999832,
      "10,1000": 11.56500470999351,
      "10,1001": 88.8471435641497,
      "10,1002": 26.450768152948672,
      "10,1003": 62.91067247600099,
      "10,1004": 15.873838172629872,
      "10,1005": 38.68640550325722,
      "10,1006": 35.874443951495415,
      "10,1007": 52.81897704086737,
      "10,1008": 45.27637171406531,
      "10,1009": 17.738305726166566,
      "10,1010": 59.56788216840225,
      "10,1011": 25.840343180577065,
      "10,1012": 33.575207908979216,
      "10,1013": 76.13361012900272,
      "10,1014": 51.13983504767825,
      "10,1015": 44.04918904902568,
      "10,1016": 60.77638461601386,
      "10,1017": 19.106942488955582,
      "10,1018": 24.867892544700297,
      "10,1019": 22.63328633663407,
      "11,1": 66.03029607687671,
      "11,2": 35.05709628591621,
      "11,3": 47.80167361086848,
      "11,4": 41.43669871020132,
      "11,5": 49.64876634922564,
      "11,6": 42.95346318982906,
      "11,7": 25.0,
      "11,8": 70.57619995437555,
      "11,9": 25.632011235952593,
      "11,10": 11.0,
      "11,11": 0.0,
      "11,12": 53.600373133029585,
      "11,13": 75.58438992278762,
      "11,14": 43.56604182158393,
      "11,15": 81.00617260431454,
      "11,16": 59.07622195096772,
      "11,17": 6.082762530298219,
      "11,18": 53.74011537017761,
      "11,19": 70.32780389006896,
      "11,20": 76.02631123499285,
      "11,21": 64.8459713474939,
      "11,22": 38.07886552931954,
      "11,23": 46.486557196677836,
      "11,24": 55.80322571321482,
      "11,25": 21.400934559032695,
      "11,26": 18.439088914585774,
      "11,27": 36.345563690772494,
      "11,28": 51.15662224971465,
      "11,29": 53.75872022286245,
      "11,30": 93.39164844888434,
      "11,31": 35.014282800023196,
      "11,32": 90.0,
      "11,33": 48.877397639399746,
      "11,34": 36.124783736376884,
      "11,35": 50.80354318352215,
      "11,36": 51.19570294468082,
      "11,37": 47.0,
      "11,38": 61.0,
      "11,39": 39.319206502675,
      "11,40": 60.08327554319921,
      "11,41": 87.8179936004006,
      "11,42": 51.264022471905186,
      "11,43": 80.62257748298549,
      "11,44": 83.00602387778854,
      "11,45": 53.907327887774215,
      "11,46": 34.92849839314596,
      "11,47": 37.8549864614954,
      "11,48": 21.02379604162864,
      "11,49": 46.17358552246078,
      "11,50": 9.433981132056603,
      "11,1000": 18.99923214162379,
      "11,1001": 89.10973450802915,
      "11,1002": 37.448290069607175,
      "11,1003": 64.96381334668403,
      "11,1004": 20.3748895589364,
      "11,1005": 39.839920294103045,
      "11,1006": 45.52143729885502,
      "11,1007": 53.631145857241144,
      "11,1008": 54.05358209737153,
      "11,1009": 28.730580346185654,
      "11,1010": 63.1007849293381,
      "11,1011": 29.85145251488531,
      "11,1012": 44.24046750201792,
      "11,1013": 74.81345915848303,
      "11,1014": 53.84437926028985,
      "11,1015": 43.102975797269146,
      "11,1016": 62.458752718110716,
      "11,1017": 21.93709745587549,
      "11,1018": 33.64844228153378,
      "11,1019": 33.519603370093854,
      "12,1": 16.401219466856727,
      "12,2": 61.26989472816156,
      "12,3": 8.602325267042627,
      "12,4": 49.8196748283246,
      "12,5": 46.861498055439924,
      "12,6": 17.204650534085253,
      "12,7": 33.734255586866,
      "12,8": 17.029386365926403,
      "12,9": 46.8187996428785,
      "12,10": 53.08483775994799,
      "12,11": 53.600373133029585,
      "12,12": 0.0,
      "12,13": 24.20743687382041,
      "12,14": 57.8013840664737,
      "12,15": 29.410882339705484,
      "12,16": 25.317977802344327,
      "12,17": 54.037024344425184,
      "12,18": 33.54101966249684,
      "12,19": 28.160255680657446,
      "12,20": 25.079872407968907,
      "12,21": 14.212670403551895,
      "12,22": 22.825424421026653,
      "12,23": 11.40175425099138,
      "12,24": 26.248809496813376,
      "12,25": 36.345563690772494,
      "12,26": 50.00999900019995,
      "12,27": 64.40496875241847,
      "12,28": 12.165525060596439,
      "12,29": 32.202484376209235,
      "12,30": 40.162171256046406,
      "12,31": 60.37383539249432,
      "12,32": 37.8549864614954,
      "12,33": 44.04543109109048,
      "12,34": 17.72004514666935,
      "12,35": 25.059928172283335,
      "12,36": 4.242640687119285,
      "12,37": 10.0,
      "12,38": 11.313708498984761,
      "12,39": 57.14017850864661,
      "12,40": 11.704699910719626,
      "12,41": 42.720018726587654,
      "12,42": 11.180339887498949,
      "12,43": 27.073972741361768,
      "12,44": 30.805843601498726,
      "12,45": 37.589892258425,
      "12,46": 66.30987860040162,
      "12,47": 67.54257916307313,
      "12,48": 34.0147027033899,
      "12,49": 8.06225774829855,
      "12,50": 62.369864518050704,
      "12,1000": 43.2061755466884,
      "12,1001": 35.784957774751824,
      "12,1002": 61.213612889896226,
      "12,1003": 13.445788994206056,
      "12,1004": 37.56533653193394,
      "12,1005": 14.429238413766496,
      "12,1006": 47.24735278893003,
      "12,1007": 1.4443259132735786,
      "12,1008": 43.807066164077355,
      "12,1009": 56.118554797192836,
      "12,1010": 17.86992265430466,
      "12,1011": 28.62446581414056,
      "12,1012": 56.02758833305326,
      "12,1013": 24.61148892804944,
      "12,1014": 10.679125756907979,
      "12,1015": 11.734542404211819,
      "12,1016": 10.317806716618879,
      "12,1017": 34.008143474841575,
      "12,1018": 73.33720826783008,
      "12,1019": 55.185925066968274,
      "13,1": 25.709920264364882,
      "13,2": 74.96665925596525,
      "13,3": 27.85677655436824,
      "13,4": 60.166435825965294,
      "13,5": 53.31041174104736,
      "13,6": 33.37663853655727,
      "13,7": 52.61178575186362,
      "13,8": 14.142135623730951,
      "13,9": 63.00793600809346,
      "13,10": 72.99315036357864,
      "13,11": 75.58438992278762,
      "13,12": 24.20743687382041,
      "13,13": 0.0,
      "13,14": 68.00735254367721,
      "13,15": 25.632011235952593,
      "13,16": 25.079872407968907,
      "13,17": 74.95331880577403,
      "13,18": 37.16180835212409,
      "13,19": 16.278820596099706,
      "13,20": 25.317977802344327,
      "13,21": 10.770329614269007,
      "13,22": 39.20459156782532,
      "13,23": 29.120439557122072,
      "13,24": 28.792360097775937,
      "13,25": 55.90169943749474,
      "13,26": 68.18357573492314,
      "13,27": 78.08969202141856,
      "13,28": 34.20526275297414,
      "13,29": 35.84689665786984,
      "13,30": 19.1049731745428,
      "13,31": 73.97972695272672,
      "13,32": 29.206163733020468,
      "13,33": 50.695167422546305,
      "13,34": 41.182520563948,
      "13,35": 31.78049716414141,
      "13,36": 25.059928172283335,
      "13,37": 33.97057550292606,
      "13,38": 25.495097567963924,
      "13,39": 68.8839603971781,
      "13,40": 15.524174696260024,
      "13,41": 21.37755832643195,
      "13,42": 24.515301344262525,
      "13,43": 15.264337522473747,
      "13,44": 24.596747752497688,
      "13,45": 41.14608122288197,
      "13,46": 80.75270893288967,
      "13,47": 81.21576201698781,
      "13,48": 54.817880294662984,
      "13,49": 32.202484376209235,
      "13,50": 84.75848040166836,
      "13,1000": 61.90789341707668,
      "13,1001": 22.761531069244338,
      "13,1002": 74.08927665907646,
      "13,1003": 10.94089773994768,
      "13,1004": 57.13906363210641,
      "13,1005": 35.92407012131238,
      "13,1006": 55.6801282123374,
      "13,1007": 23.51506383353954,
      "13,1008": 47.693051808505984,
      "13,1009": 71.38350451722054,
      "13,1010": 14.318981288480241,
      "13,1011": 47.15788971610595,
      "13,1012": 65.75748963302685,
      "13,1013": 26.697684193784703,
      "13,1014": 21.8868284635971,
      "13,1015": 35.896950475508255,
      "13,1016": 13.930349735462729,
      "13,1017": 54.28753783489709,
      "13,1018": 89.50118715122288,
      "13,1019": 68.82492788064003,
      "14,1": 74.2024258363566,
      "14,2": 12.041594578792296,
      "14,3": 49.20365840057018,
      "14,4": 8.06225774829855,
      "14,5": 16.0312195418814,
      "14,6": 40.607881008493905,
      "14,7": 30.870698080866262,
      "14,8": 71.58910531638176,
      "14,9": 19.1049731745428,
      "14,10": 32.7566787083184,
      "14,11": 43.56604182158393,
      "14,12": 57.8013840664737,
      "14,13": 68.00735254367721,
      "14,14": 0.0,
      "14,15": 86.09297300012354,
      "14,16": 43.174066289845804,
      "14,17": 37.8549864614954,
      "14,18": 31.400636936215164,
      "14,19": 54.589376255824725,
      "14,20": 82.37718130647589,
      "14,21": 60.00833275470999,
      "14,22": 35.38361202590826,
      "14,23": 46.400431032480725,
      "14,24": 39.293765408777,
      "14,25": 31.622776601683793,
      "14,26": 25.179356624028344,
      "14,27": 13.892443989449804,
      "14,28": 64.38167441127949,
      "14,29": 32.55764119219941,
      "14,30": 86.83317338436964,
      "14,31": 11.313708498984761,
      "14,32": 93.47726996441435,
      "14,33": 18.027756377319946,
      "14,34": 49.4064773081425,
      "14,35": 36.40054944640259,
      "14,36": 53.600373133029585,
      "14,37": 58.728187440104094,
      "14,38": 69.02897942168927,
      "14,39": 4.47213595499958,
      "14,40": 55.46169849544819,
      "14,41": 69.00724599634447,
      "14,42": 48.02082881417188,
      "14,43": 80.11242100947892,
      "14,44": 86.83317338436964,
      "14,45": 28.071337695236398,
      "14,46": 17.4928556845359,
      "14,47": 16.15549442140351,
      "14,48": 36.05551275463989,
      "14,49": 55.154328932550705,
      "14,50": 50.28916384272063,
      "14,1000": 27.397381767028897,
      "14,1001": 89.10618233147312,
