{
  "metadata": {
    "source": "Mankowska HCSRP",
    "seed": 1,
    "sigma": 0.15
  },
  "parameters": {
    "p": 10
  },
  "sets": {
    "customers": [
      1,
      2,
      3,
      4,
      5,
      6,
      7,
      8,
      9,
      10,
      11,
      12,
      13,
      14,
      15,
      16,
      17,
      18,
      19,
      20,
      21,
      22,
      23,
      24,
      25,
      26,
      27,
      28,
      29,
      30,
      31,
      32,
      33,
      34,
      35,
      36,
      37,
      38,
      39,
      40,
      41,
      42,
      43,
      44,
      45,
      46,
      47,
      48,
      49,
      50
    ],
    "facilities": [
      1000,
      1001,
      1002,
      1003,
      1004,
      1005,
      1006,
      1007,
      1008,
      1009,
      1010,
      1011,
      1012,
      1013,
      1014,
      1015,
      1016,
      1017,
      1018,
      1019
    ],
    "vehicles": [
      0,
      1,
      2,
      3,
      4,
      5,
      6,
      7,
      8,
      9
    ]
  },
  "coordinates": {
    "customers": {
      "1": {
        "x": 3.0,
        "y": 36.0
      },
      "2": {
        "x": 67.0,
        "y": 16.0
      },
      "3": {
        "x": 11.0,
        "y": 46.0
      },
      "4": {
        "x": 62.0,
        "y": 20.0
      },
      "5": {
        "x": 92.0,
        "y": 42.0
      },
      "6": {
        "x": 52.0,
        "y": 43.0
      },
      "7": {
        "x": 62.0,
        "y": 26.0
      },
      "8": {
        "x": 69.0,
        "y": 49.0
      },
      "9": {
        "x": 62.0,
        "y": 45.0
      },
      "10": {
        "x": 75.0,
        "y": 29.0
      },
      "11": {
        "x": 22.0,
        "y": 48.0
      },
      "12": {
        "x": 39.0,
        "y": 10.0
      },
      "13": {
        "x": 33.0,
        "y": 17.0
      },
      "14": {
        "x": 69.0,
        "y": 38.0
      },
      "15": {
        "x": 82.0,
        "y": 45.0
      },
      "16": {
        "x": 94.0,
        "y": 47.0
      },
      "17": {
        "x": 45.0,
        "y": 7.0
      },
      "18": {
        "x": 82.0,
        "y": 33.0
      },
      "19": {
        "x": 84.0,
        "y": 22.0
      },
      "20": {
        "x": 28.0,
        "y": 16.0
      },
      "21": {
        "x": 95.0,
        "y": 6.0
      },
      "22": {
        "x": 61.0,
        "y": 16.0
      },
      "23": {
        "x": 6.0,
        "y": 9.0
      },
      "24": {
        "x": 64.0,
        "y": 8.0
      },
      "25": {
        "x": 44.0,
        "y": 26.0
      },
      "26": {
        "x": 53.0,
        "y": 36.0
      },
      "27": {
        "x": 73.0,
        "y": 6.0
      },
      "28": {
        "x": 58.0,
        "y": 9.0
      },
      "29": {
        "x": 86.0,
        "y": 24.0
      },
      "30": {
        "x": 86.0,
        "y": 26.0
      },
      "31": {
        "x": 26.0,
        "y": 23.0
      },
      "32": {
        "x": 9.0,
        "y": 3.0
      },
      "33": {
        "x": 77.0,
        "y": 35.0
      },
      "34": {
        "x": 36.0,
        "y": 5.0
      },
      "35": {
        "x": 27.0,
        "y": 41.0
      },
      "36": {
        "x": 47.0,
        "y": 29.0
      },
      "37": {
        "x": 59.0,
        "y": 26.0
      },
      "38": {
        "x": 75.0,
        "y": 33.0
      },
      "39": {
        "x": 98.0,
        "y": 17.0
      },
      "40": {
        "x": 45.0,
        "y": 2.0
      },
      "41": {
        "x": 11.0,
        "y": 31.0
      },
      "42": {
        "x": 76.0,
        "y": 33.0
      },
      "43": {
        "x": 98.0,
        "y": 26.0
      },
      "44": {
        "x": 82.0,
        "y": 20.0
      },
      "45": {
        "x": 1.0,
        "y": 31.0
      },
      "46": {
        "x": 94.0,
        "y": 25.0
      },
      "47": {
        "x": 63.0,
        "y": 18.0
      },
      "48": {
        "x": 84.0,
        "y": 8.0
      },
      "49": {
        "x": 23.0,
        "y": 34.0
      },
      "50": {
        "x": 0.0,
        "y": 0.0
      }
    },
    "facilities": {
      "1000": {
        "x": 52.50891721986922,
        "y": 26.82824945586993
      },
      "1001": {
        "x": 106.78298325557022,
        "y": 23.62408475376425
      },
      "1002": {
        "x": 92.33198794261227,
        "y": 15.442331511654347
      },
      "1003": {
        "x": 23.580815751497358,
        "y": 11.4338333254607
      },
      "1004": {
        "x": 42.75775187301144,
        "y": 25.916244827637012
      },
      "1005": {
        "x": 0.6616890051514526,
        "y": 3.617330830819686
      },
      "1006": {
        "x": 71.37562074675377,
        "y": 34.192069314754676
      },
      "1007": {
        "x": 40.79563229180971,
        "y": -7.570205894681823
      },
      "1008": {
        "x": 98.75155951325146,
        "y": 43.12908645304867
      },
      "1009": {
        "x": 69.84588725864892,
        "y": 9.718125317894355
      },
      "1010": {
        "x": 85.8508682435213,
        "y": 40.1989305759058
      },
      "1011": {
        "x": 53.41779919611613,
        "y": 12.653903707202582
      },
      "1012": {
        "x": 102.42968815166537,
        "y": 21.223835393905592
      },
      "1013": {
        "x": 11.728811735989193,
        "y": 34.4421399992283
      },
      "1014": {
        "x": 12.60071386548654,
        "y": 12.40611132828142
      },
      "1015": {
        "x": 55.067370218658354,
        "y": 27.751612122871187
      },
      "1016": {
        "x": 46.64958001663715,
        "y": 16.923948368566254
      },
      "1017": {
        "x": 84.10567641159201,
        "y": 9.780045159651033
      },
      "1018": {
        "x": 84.69051660302684,
        "y": 19.85479947086135
      },
      "1019": {
        "x": 72.94808495108606,
        "y": 14.286279986015487
      }
    }
  },
  "time_windows": {
    "e": {
      "1": 182.0,
      "2": 412.0,
      "3": 423.0,
      "4": 358.0,
      "5": 327.0,
      "6": 105.0,
      "7": 151.0,
      "8": 406.0,
      "9": 462.0,
      "10": 427.0,
      "11": 452.0,
      "12": 308.0,
      "13": 32.0,
      "14": 200.0,
      "15": 2.0,
      "16": 132.0,
      "17": 469.0,
      "18": 396.0,
      "19": 262.0,
      "20": 108.0,
      "21": 395.0,
      "22": 329.0,
      "23": 22.0,
      "24": 283.0,
      "25": 259.0,
      "26": 423.0,
      "27": 153.0,
      "28": 183.0,
      "29": 329.0,
      "30": 41.0,
      "31": 142.0,
      "32": 3.0,
      "33": 114.0,
      "34": 350.0,
      "35": 345.0,
      "36": 457.0,
      "37": 382.0,
      "38": 65.0,
      "39": 24.0,
      "40": 73.0,
      "41": 348.0,
      "42": 46.0,
      "43": 275.0,
      "44": 222.0,
      "45": 141.0,
      "46": 256.0,
      "47": 146.0,
      "48": 41.0,
      "49": 64.0,
      "50": 108.0
    },
    "l": {
      "1": 302.0,
      "2": 532.0,
      "3": 543.0,
      "4": 478.0,
      "5": 447.0,
      "6": 225.0,
      "7": 271.0,
      "8": 526.0,
      "9": 582.0,
      "10": 547.0,
      "11": 572.0,
      "12": 428.0,
      "13": 152.0,
      "14": 320.0,
      "15": 122.0,
      "16": 252.0,
      "17": 589.0,
      "18": 516.0,
      "19": 382.0,
      "20": 228.0,
      "21": 515.0,
      "22": 449.0,
      "23": 142.0,
      "24": 403.0,
      "25": 379.0,
      "26": 543.0,
      "27": 273.0,
      "28": 303.0,
      "29": 449.0,
      "30": 161.0,
      "31": 262.0,
      "32": 123.0,
      "33": 234.0,
      "34": 470.0,
      "35": 465.0,
      "36": 577.0,
      "37": 502.0,
      "38": 185.0,
      "39": 144.0,
      "40": 193.0,
      "41": 468.0,
      "42": 166.0,
      "43": 395.0,
      "44": 342.0,
      "45": 261.0,
      "46": 376.0,
      "47": 266.0,
      "48": 161.0,
      "49": 184.0,
      "50": 228.0
    }
  },
  "travel_time": {
    "matrix": {
      "1,1": 0.0,
      "1,2": 67.05221845696084,
      "1,3": 12.806248474865697,
      "1,4": 61.1310068623117,
      "1,5": 89.20201791439474,
      "1,6": 49.49747468305833,
      "1,7": 59.841457201508724,
      "1,8": 67.26812023536856,
      "1,9": 59.682493245507096,
      "1,10": 72.3394774656273,
      "1,11": 22.47220505424423,
      "1,12": 44.40720662234904,
      "1,13": 35.510561809129406,
      "1,14": 66.03029607687671,
      "1,15": 79.51100552753688,
      "1,16": 91.6624241442479,
      "1,17": 51.03920062069938,
      "1,18": 79.05694150420949,
      "1,19": 82.20097323024831,
      "1,20": 32.01562118716424,
      "1,21": 96.76776322722355,
      "1,22": 61.35144660071187,
      "1,23": 27.16615541441225,
      "1,24": 67.11929677819934,
      "1,25": 42.20189569201838,
      "1,26": 50.0,
      "1,27": 76.15773105863909,
      "1,28": 61.26989472816156,
      "1,29": 83.86298349093002,
      "1,30": 83.60023923410746,
      "1,31": 26.419689627245813,
      "1,32": 33.54101966249684,
      "1,33": 74.00675644831355,
      "1,34": 45.27692569068709,
      "1,35": 24.515301344262525,
      "1,36": 44.553338819890925,
      "1,37": 56.88585061331157,
      "1,38": 72.06247289678588,
      "1,39": 96.88137075826292,
      "1,40": 54.037024344425184,
      "1,41": 9.433981132056603,
      "1,42": 73.06161783043132,
      "1,43": 95.524865872714,
      "1,44": 80.60397012554654,
      "1,45": 5.385164807134504,
      "1,46": 91.6624241442479,
      "1,47": 62.6418390534633,
      "1,48": 85.70297544426332,
      "1,49": 20.09975124224178,
      "1,50": 36.124783736376884,
      "1,1000": 50.351304772841914,
      "1,1001": 104.51828017915325,
      "1,1002": 91.66690680641375,
      "1,1003": 32.0478785893595,
      "1,1004": 41.0165936222415,
      "1,1005": 32.46698262588027,
      "1,1006": 68.39951846224179,
      "1,1007": 57.67904872692211,
      "1,1008": 96.01658722780549,
      "1,1009": 71.82694188256873,
      "1,1010": 82.95720213873298,
      "1,1011": 55.560729727861364,
      "1,1012": 100.52162914718316,
      "1,1013": 8.866740218611746,
      "1,1014": 25.47244176321532,
      "1,1015": 52.71666666300513,
      "1,1016": 47.63592742325834,
      "1,1017": 85.23858737691405,
      "1,1018": 83.27069114037364,
      "1,1019": 73.24083714137943,
      "2,1": 67.05221845696084,
      "2,2": 0.0,
      "2,3": 63.52952069707436,
      "2,4": 6.4031242374328485,
      "2,5": 36.069377593742864,
      "2,6": 30.886890422961002,
      "2,7": 11.180339887498949,
      "2,8": 33.06055050963308,
      "2,9": 29.427877939124322,
      "2,10": 15.264337522473747,
      "2,11": 55.21775076911409,
      "2,12": 28.635642126552707,
      "2,13": 34.0147027033899,
      "2,14": 22.090722034374522,
      "2,15": 32.64965543462902,
      "2,16": 41.10960958218893,
      "2,17": 23.769728648009426,
      "2,18": 22.67156809750927,
      "2,19": 18.027756377319946,
      "2,20": 39.0,
      "2,21": 29.732137494637012,
      "2,22": 6.0,
      "2,23": 61.40032573203501,
      "2,24": 8.54400374531753,
      "2,25": 25.079872407968907,
      "2,26": 24.413111231467404,
      "2,27": 11.661903789690601,
      "2,28": 11.40175425099138,
      "2,29": 20.615528128088304,
      "2,30": 21.470910553583888,
      "2,31": 41.593268686170845,
      "2,32": 59.43904440685432,
      "2,33": 21.470910553583888,
      "2,34": 32.89376840679705,
      "2,35": 47.16990566028302,
      "2,36": 23.853720883753127,
      "2,37": 12.806248474865697,
      "2,38": 18.788294228055936,
      "2,39": 31.016124838541646,
      "2,40": 26.076809620810597,
      "2,41": 57.97413216254298,
      "2,42": 19.235384061671343,
      "2,43": 32.57299494980466,
      "2,44": 15.524174696260024,
      "2,45": 67.68308503607086,
      "2,46": 28.460498941515414,
      "2,47": 4.47213595499958,
      "2,48": 18.788294228055936,
      "2,49": 47.53945729601885,
      "2,50": 68.8839603971781,
      "2,1000": 18.08984428952196,
      "2,1001": 40.5069429239675,
      "2,1002": 25.33812556736483,
      "2,1003": 43.65862387782159,
      "2,1004": 26.191954981102842,
      "2,1005": 67.48408702355401,
      "2,1006": 18.710891022937968,
      "2,1007": 35.245191060678614,
      "2,1008": 41.76300831238739,
      "2,1009": 6.896450087590001,
      "2,1010": 30.67480194805027,
      "2,1011": 13.988300078197362,
      "2,1012": 35.812724816004696,
      "2,1013": 58.266772519737714,
      "2,1014": 54.51787200294391,
      "2,1015": 16.74777719534669,
      "2,1016": 20.371383705753278,
      "2,1017": 18.201428617393635,
      "2,1018": 18.10563052319695,
      "2,1019": 6.190036419252114,
      "3,1": 12.806248474865697,
      "3,2": 63.52952069707436,
      "3,3": 0.0,
      "3,4": 57.245087125446844,
      "3,5": 81.09870529176159,
      "3,6": 41.10960958218893,
      "3,7": 54.78138369920935,
      "3,8": 58.077534382926416,
      "3,9": 51.0098029794274,
      "3,10": 66.21933252457322,
      "3,11": 11.180339887498949,
      "3,12": 45.60701700396552,
      "3,13": 36.40054944640259,
      "3,14": 58.54912467321779,
      "3,15": 71.00704190430693,
      "3,16": 83.00602387778854,
      "3,17": 51.73973328110612,
      "3,18": 72.18032973047436,
      "3,19": 76.84399781375251,
      "3,20": 34.48187929913333,
      "3,21": 93.03762679690406,
      "3,22": 58.309518948453004,
      "3,23": 37.33630940518894,
      "3,24": 65.21502894272147,
      "3,25": 38.58756276314948,
      "3,26": 43.174066289845804,
      "3,27": 73.78346698278686,
      "3,28": 59.81638571495272,
      "3,29": 78.16009211867653,
      "3,30": 77.62087348130012,
      "3,31": 27.459060435491963,
      "3,32": 43.04648650006177,
      "3,33": 66.91038783328041,
      "3,34": 48.02082881417188,
      "3,35": 16.76305461424021,
      "3,36": 39.81205847478876,
      "3,37": 52.0,
      "3,38": 65.30696746902278,
      "3,39": 91.706052144883,
      "3,40": 55.60575509783138,
      "3,41": 15.0,
      "3,42": 66.2872536767062,
      "3,43": 89.26925562588724,
      "3,44": 75.61084578286372,
      "3,45": 18.027756377319946,
      "3,46": 85.61541917201598,
      "3,47": 59.0592922409336,
      "3,48": 82.29823813423954,
      "3,49": 16.97056274847714,
      "3,50": 47.29693436154187,
      "3,1000": 45.72249148605429,
      "3,1001": 98.36189030535947,
      "3,1002": 86.88304418090368,
      "3,1003": 36.78446416009285,
      "3,1004": 37.57541784000783,
      "3,1005": 43.62535180523355,
      "3,1006": 61.51945064468149,
      "3,1007": 61.29883084747487,
      "3,1008": 87.79850990536104,
      "3,1009": 69.13185139793117,
      "3,1010": 75.07532805970379,
      "3,1011": 53.95583218346788,
      "3,1012": 94.7272199956225,
      "3,1013": 11.580815789224605,
      "3,1014": 33.632003225603185,
      "3,1015": 47.6962973206772,
      "3,1016": 46.003362201434975,
      "3,1017": 81.58630431777947,
      "3,1018": 78.19119993918655,
      "3,1019": 69.59400309101623,
      "4,1": 61.1310068623117,
      "4,2": 6.4031242374328485,
      "4,3": 57.245087125446844,
      "4,4": 0.0,
      "4,5": 37.20215047547655,
      "4,6": 25.079872407968907,
      "4,7": 6.0,
      "4,8": 29.832867780352597,
      "4,9": 25.0,
      "4,10": 15.811388300841896,
      "4,11": 48.82622246293481,
      "4,12": 25.079872407968907,
      "4,13": 29.154759474226502,
      "4,14": 19.313207915827967,
      "4,15": 32.01562118716424,
      "4,16": 41.86884283091664,
      "4,17": 21.400934559032695,
      "4,18": 23.853720883753127,
      "4,19": 22.090722034374522,
      "4,20": 34.23448553724738,
      "4,21": 35.84689665786984,
      "4,22": 4.123105625617661,
      "4,23": 57.0701322935211,
      "4,24": 12.165525060596439,
      "4,25": 18.973665961010276,
      "4,26": 18.35755975068582,
      "4,27": 17.804493814764857,
      "4,28": 11.704699910719626,
      "4,29": 24.331050121192877,
      "4,30": 24.73863375370596,
      "4,31": 36.124783736376884,
      "4,32": 55.65968020030299,
      "4,33": 21.213203435596427,
      "4,34": 30.01666203960727,
      "4,35": 40.8166632639171,
      "4,36": 17.4928556845359,
      "4,37": 6.708203932499369,
      "4,38": 18.384776310850235,
      "4,39": 36.124783736376884,
      "4,40": 24.758836806279895,
      "4,41": 52.172789842982326,
      "4,42": 19.1049731745428,
      "4,43": 36.49657518178932,
      "4,44": 20.0,
      "4,45": 61.98386886924694,
      "4,46": 32.38826948140329,
      "4,47": 2.23606797749979,
      "4,48": 25.059928172283335,
      "4,49": 41.43669871020132,
      "4,50": 65.14598989960932,
      "4,1000": 11.692118840094084,
      "4,1001": 44.92938436670537,
      "4,1002": 30.672493126585508,
      "4,1003": 39.36258286515738,
      "4,1004": 20.13122117113456,
      "4,1005": 63.48842606969848,
      "4,1006": 17.009323790843684,
      "4,1007": 34.781337854937256,
      "4,1008": 43.42386172150819,
      "4,1009": 12.933479572564934,
      "4,1010": 31.254771033876974,
      "4,1011": 11.296871309404075,
      "4,1012": 40.44820709391564,
      "4,1013": 52.30456746052803,
      "4,1014": 49.97956198045347,
      "4,1015": 10.399463745241322,
      "4,1016": 15.655589650500925,
      "4,1017": 24.35381708383283,
      "4,1018": 22.690981179885075,
      "4,1019": 12.349378951769365,
      "5,1": 89.20201791439474,
      "5,2": 36.069377593742864,
      "5,3": 81.09870529176159,
      "5,4": 37.20215047547655,
      "5,5": 0.0,
      "5,6": 40.01249804748511,
      "5,7": 34.0,
      "5,8": 24.041630560342615,
      "5,9": 30.14962686336267,
      "5,10": 21.400934559032695,
      "5,11": 70.25667228100119,
      "5,12": 61.91122676865643,
      "5,13": 64.07807737440318,
      "5,14": 23.345235059857504,
      "5,15": 10.44030650891055,
      "5,16": 5.385164807134504,
      "5,17": 58.60034129593445,
      "5,18": 13.45362404707371,
      "5,19": 21.540659228538015,
      "5,20": 69.07966415668217,
      "5,21": 36.124783736376884,
      "5,22": 40.45985664828782,
      "5,23": 92.11405973031478,
      "5,24": 44.04543109109048,
      "5,25": 50.59644256269407,
      "5,26": 39.45883931389772,
      "5,27": 40.70626487409524,
      "5,28": 47.38143096192854,
      "5,29": 18.973665961010276,
      "5,30": 17.08800749063506,
      "5,31": 68.6804193347711,
      "5,32": 91.706052144883,
      "5,33": 16.55294535724685,
      "5,34": 67.11929677819934,
      "5,35": 65.00769185258002,
      "5,36": 46.84015371452148,
      "5,37": 36.6742416417845,
      "5,38": 19.235384061671343,
      "5,39": 25.709920264364882,
      "5,40": 61.71709649683789,
      "5,41": 81.74350127074322,
      "5,42": 18.35755975068582,
      "5,43": 17.08800749063506,
      "5,44": 24.166091947189145,
      "5,45": 91.6624241442479,
      "5,46": 17.11724276862369,
      "5,47": 37.64306044943742,
      "5,48": 34.92849839314596,
      "5,49": 69.46221994724903,
      "5,50": 101.13357503816425,
      "5,1000": 42.305172659149534,
      "5,1001": 23.584122944712377,
      "5,1002": 26.559743438725228,
      "5,1003": 74.93647522005735,
      "5,1004": 51.80237621040584,
      "5,1005": 99.07530644889479,
      "5,1006": 22.052863786078422,
      "5,1007": 71.26775276965529,
      "5,1008": 6.845318990334518,
      "5,1009": 39.15257519433004,
      "5,1010": 6.407470049008562,
      "5,1011": 48.47452512915785,
      "5,1012": 23.24709467181908,
      "5,1013": 80.62620487848557,
      "5,1014": 84.73514551462347,
      "5,1015": 39.58580174333665,
      "5,1016": 51.82151057321397,
      "5,1017": 33.17296843564986,
      "5,1018": 23.32034420857439,
      "5,1019": 33.63072618967006,
      "6,1": 49.49747468305833,
      "6,2": 30.886890422961002,
      "6,3": 41.10960958218893,
      "6,4": 25.079872407968907,
      "6,5": 40.01249804748511,
      "6,6": 0.0,
      "6,7": 19.72308292331602,
      "6,8": 18.027756377319946,
      "6,9": 10.198039027185569,
      "6,10": 26.92582403567252,
      "6,11": 30.4138126514911,
      "6,12": 35.4682957019364,
      "6,13": 32.202484376209235,
      "6,14": 17.72004514666935,
      "6,15": 30.066592756745816,
      "6,16": 42.190046219457976,
      "6,17": 36.6742416417845,
      "6,18": 31.622776601683793,
      "6,19": 38.27531841800928,
      "6,20": 36.124783736376884,
      "6,21": 56.72741841473134,
      "6,22": 28.460498941515414,
      "6,23": 57.201398584300364,
      "6,24": 37.0,
      "6,25": 18.788294228055936,
      "6,26": 7.0710678118654755,
      "6,27": 42.5440947723653,
      "6,28": 34.52535300326414,
      "6,29": 38.948684188300895,
      "6,30": 38.01315561749642,
      "6,31": 32.802438933713454,
      "6,32": 58.728187440104094,
      "6,33": 26.248809496813376,
      "6,34": 41.23105625617661,
      "6,35": 25.079872407968907,
      "6,36": 14.866068747318506,
      "6,37": 18.384776310850235,
      "6,38": 25.079872407968907,
      "6,39": 52.839379254491625,
      "6,40": 41.593268686170845,
      "6,41": 42.720018726587654,
      "6,42": 26.0,
      "6,43": 49.040799340956916,
      "6,44": 37.8021163428716,
      "6,45": 52.392747589718944,
      "6,46": 45.69463863518345,
      "6,47": 27.313000567495326,
      "6,48": 47.4236228055175,
      "6,49": 30.364452901377952,
      "6,50": 67.47592163134935,
      "6,1000": 16.1797562527453,
      "6,1001": 58.10853075073743,
      "6,1002": 48.847664672086225,
      "6,1003": 42.47437947604575,
      "6,1004": 19.423538329307114,
      "6,1005": 64.70407102101763,
      "6,1006": 21.28366327205261,
      "6,1007": 51.79655953797365,
      "6,1008": 46.75173772421143,
      "6,1009": 37.76451872331742,
      "6,1010": 33.96656106759757,
      "6,1011": 30.37919871840337,
      "6,1012": 54.93045413999358,
      "6,1013": 41.17044537029214,
      "6,1014": 49.88276026812044,
      "6,1015": 15.553844955819804,
      "6,1016": 26.61930620214522,
      "6,1017": 46.19891619335545,
      "6,1018": 40.05459004042874,
      "6,1019": 35.542931507676926,
      "7,1": 59.841457201508724,
      "7,2": 11.180339887498949,
      "7,3": 54.78138369920935,
      "7,4": 6.0,
      "7,5": 34.0,
      "7,6": 19.72308292331602,
      "7,7": 0.0,
      "7,8": 24.041630560342615,
      "7,9": 19.0,
      "7,10": 13.341664064126334,
      "7,11": 45.65084884205331,
      "7,12": 28.0178514522438,
      "7,13": 30.364452901377952,
      "7,14": 13.892443989449804,
      "7,15": 27.586228448267445,
      "7,16": 38.27531841800928,
      "7,17": 25.495097567963924,
      "7,18": 21.18962010041709,
      "7,19": 22.360679774997898,
      "7,20": 35.4400902933387,
      "7,21": 38.58756276314948,
      "7,22": 10.04987562112089,
      "7,23": 58.52349955359813,
      "7,24": 18.110770276274835,
      "7,25": 18.0,
      "7,26": 13.45362404707371,
      "7,27": 22.825424421026653,
      "7,28": 17.46424919657298,
      "7,29": 24.08318915758459,
      "7,30": 24.0,
      "7,31": 36.124783736376884,
      "7,32": 57.77542730261716,
      "7,33": 17.4928556845359,
      "7,34": 33.421549934136806,
      "7,35": 38.07886552931954,
      "7,36": 15.297058540778355,
      "7,37": 3.0,
      "7,38": 14.7648230602334,
      "7,39": 37.107950630558946,
      "7,40": 29.410882339705484,
      "7,41": 51.24451190127583,
      "7,42": 15.652475842498529,
      "7,43": 36.0,
      "7,44": 20.8806130178211,
      "7,45": 61.204574992397426,
      "7,46": 32.01562118716424,
      "7,47": 8.06225774829855,
      "7,48": 28.42534080710379,
      "7,49": 39.81205847478876,
      "7,50": 67.23094525588644,
      "7,1000": 9.527153273693242,
      "7,1001": 44.84596484106433,
      "7,1002": 32.11687806217446,
      "7,1003": 41.08779538878733,
      "7,1004": 19.24243040547353,
      "7,1005": 65.29450417024188,
      "7,1006": 12.450392124134277,
      "7,1007": 39.70622034033803,
      "7,1008": 40.54729003733887,
      "7,1009": 18.073665650310737,
      "7,1010": 27.757405236606782,
      "7,1011": 15.867339313659551,
      "7,1012": 40.710826967594514,
      "7,1013": 50.975112527999265,
      "7,1014": 51.235566551162606,
      "7,1015": 7.150489543670029,
      "7,1016": 17.832837880777042,
      "7,1017": 27.418020800870647,
      "7,1018": 23.507935537931917,
      "7,1019": 16.03345878661926,
      "8,1": 67.26812023536856,
      "8,2": 33.06055050963308,
      "8,3": 58.077534382926416,
      "8,4": 29.832867780352597,
      "8,5": 24.041630560342615,
      "8,6": 18.027756377319946,
      "8,7": 24.041630560342615,
      "8,8": 0.0,
      "8,9": 8.06225774829855,
      "8,10": 20.8806130178211,
      "8,11": 47.01063709417264,
      "8,12": 49.20365840057018,
      "8,13": 48.16637831516918,
      "8,14": 11.0,
      "8,15": 13.601470508735444,
      "8,16": 25.079872407968907,
      "8,17": 48.373546489791295,
      "8,18": 20.615528128088304,
      "8,19": 30.886890422961002,
      "8,20": 52.630789467763066,
      "8,21": 50.24937810560445,
      "8,22": 33.95585369269929,
      "8,23": 74.62573282722254,
      "8,24": 41.30375285612676,
      "8,25": 33.97057550292606,
      "8,26": 20.615528128088304,
      "8,27": 43.18564576337837,
      "8,28": 41.48493702538308,
      "8,29": 30.23243291566195,
      "8,30": 28.600699292150182,
      "8,31": 50.24937810560445,
      "8,32": 75.6042326857432,
      "8,33": 16.1245154965971,
      "8,34": 55.0,
      "8,35": 42.7551166528639,
      "8,36": 29.732137494637012,
      "8,37": 25.079872407968907,
      "8,38": 17.08800749063506,
      "8,39": 43.18564576337837,
      "8,40": 52.773099207835045,
      "8,41": 60.728905802755904,
      "8,42": 17.46424919657298,
      "8,43": 37.013511046643494,
      "8,44": 31.78049716414141,
      "8,45": 70.3420215802759,
      "8,46": 34.655446902326915,
      "8,47": 31.575306807693888,
      "8,48": 43.657759905886145,
      "8,49": 48.38388161361178,
      "8,50": 84.62860036654276,
      "8,1000": 27.632269784660437,
      "8,1001": 45.513634202015105,
      "8,1002": 40.871735658372906,
      "8,1003": 58.941659091161476,
      "8,1004": 34.95018368501129,
      "8,1005": 82.03481828192164,
      "8,1006": 14.997279256966477,
      "8,1007": 63.21134829115339,
      "8,1008": 30.32528514863991,
      "8,1009": 39.29098120173378,
      "8,1010": 19.010801760268834,
      "8,1011": 39.54546367938883,
      "8,1012": 43.46331062105656,
      "8,1013": 59.092472388400175,
      "8,1014": 67.2308869835945,
      "8,1015": 25.40889922843654,
      "8,1016": 39.09494035927295,
      "8,1017": 42.028398940844035,
      "8,1018": 33.10037802130913,
      "8,1019": 34.93751181739051,
      "9,1": 59.682493245507096,
      "9,2": 29.427877939124322,
      "9,3": 51.0098029794274,
      "9,4": 25.0,
      "9,5": 30.14962686336267,
      "9,6": 10.198039027185569,
      "9,7": 19.0,
      "9,8": 8.06225774829855,
      "9,9": 0.0,
      "9,10": 20.615528128088304,
      "9,11": 40.11234224026316,
      "9,12": 41.88078318274385,
      "9,13": 40.311288741492746,
      "9,14": 9.899494936611665,
      "9,15": 20.0,
      "9,16": 32.0624390837628,
      "9,17": 41.6293165929973,
      "9,18": 23.323807579381203,
      "9,19": 31.827660925679098,
      "9,20": 44.68780594300866,
      "9,21": 51.088159097779204,
      "9,22": 29.017236257093817,
      "9,23": 66.57326790837296,
      "9,24": 37.05401462729781,
      "9,25": 26.1725046566048,
      "9,26": 12.727922061357855,
      "9,27": 40.52159917870962,
      "9,28": 36.22154055254967,
      "9,29": 31.89043743820395,
      "9,30": 30.610455730027933,
      "9,31": 42.190046219457976,
      "9,32": 67.62396025078685,
      "9,33": 18.027756377319946,
      "9,34": 47.70744176750625,
      "9,35": 35.22782990761707,
      "9,36": 21.93171219946131,
      "9,37": 19.235384061671343,
      "9,38": 17.69180601295413,
      "9,39": 45.60701700396552,
      "9,40": 46.238512086787566,
      "9,41": 52.88667128870941,
      "9,42": 18.439088914585774,
      "9,43": 40.70626487409524,
      "9,44": 32.01562118716424,
      "9,45": 62.5859409132754,
      "9,46": 37.73592452822641,
      "9,47": 27.018512172212592,
      "9,48": 43.04648650006177,
      "9,49": 40.52159917870962,
      "9,50": 76.60939890117922,
      "9,1000": 20.501052904116573,
      "9,1001": 49.62303237291063,
      "9,1002": 42.351921550476526,
      "9,1003": 51.01687234183753,
      "9,1004": 27.10080855729743,
      "9,1005": 73.99265979316182,
      "9,1006": 14.307817097098605,
      "9,1007": 56.685551578099535,
      "9,1008": 36.79915004665502,
      "9,1009": 36.14372183324839,
      "9,1010": 24.329286540808905,
      "9,1011": 33.465267308376724,
      "9,1012": 46.90272579943524,
      "9,1013": 51.3678963679798,
      "9,1014": 59.18319904621512,
      "9,1015": 18.589465835387237,
      "9,1016": 31.998438538099933,
      "9,1017": 41.58252215258517,
      "9,1018": 33.869464911079284,
      "9,1019": 32.606642899777796,
      "10,1": 72.3394774656273,
      "10,2": 15.264337522473747,
      "10,3": 66.21933252457322,
      "10,4": 15.811388300841896,
      "10,5": 21.400934559032695,
      "10,6": 26.92582403567252,
      "10,7": 13.341664064126334,
      "10,8": 20.8806130178211,
      "10,9": 20.615528128088304,
      "10,10": 0.0,
      "10,11": 56.302753041036986,
      "10,12": 40.70626487409524,
      "10,13": 43.68065933568311,
      "10,14": 10.816653826391969,
      "10,15": 17.46424919657298,
      "10,16": 26.1725046566048,
      "10,17": 37.20215047547655,
      "10,18": 8.06225774829855,
      "10,19": 11.40175425099138,
      "10,20": 48.76474136094644,
      "10,21": 30.479501308256342,
      "10,22": 19.1049731745428,
      "10,23": 71.84010022264724,
      "10,24": 23.706539182259394,
      "10,25": 31.144823004794873,
      "10,26": 23.08679276123039,
      "10,27": 23.08679276123039,
      "10,28": 26.248809496813376,
      "10,29": 12.083045973594572,
      "10,30": 11.40175425099138,
      "10,31": 49.36598018878993,
      "10,32": 70.9365914038728,
      "10,33": 6.324555320336759,
      "10,34": 45.79301256742124,
      "10,35": 49.47726750741192,
      "10,36": 28.0,
      "10,37": 16.278820596099706,
      "10,38": 4.0,
      "10,39": 25.942243542145693,
      "10,40": 40.36087214122113,
      "10,41": 64.03124237432849,
      "10,42": 4.123105625617661,
      "10,43": 23.194827009486403,
      "10,44": 11.40175425099138,
      "10,45": 74.02702209328699,
      "10,46": 19.4164878389476,
      "10,47": 16.278820596099706,
      "10,48": 22.847319317591726,
      "10,49": 52.23983154643591,
      "10,50": 80.4114419718985,
      "10,1000": 22.595692179011127,
      "10,1001": 32.234430185107456,
      "10,1002": 22.00473087503544,
      "10,1003": 54.33693698046622,
      "10,1004": 32.38938267774446,
      "10,1005": 78.55230343993024,
      "10,1006": 6.331959312928251,
      "10,1007": 50.073133809424306,
      "10,1008": 27.63634677936376,
      "10,1009": 19.958846895724818,
      "10,1010": 15.59350466323132,
      "10,1011": 27.07371890879735,
      "10,1012": 28.510638857778815,
      "10,1013": 63.50480416559915,
      "10,1014": 64.56801105304602,
      "10,1015": 19.971685013833714,
      "10,1016": 30.815212740432493,
      "10,1017": 21.26781622493661,
      "10,1018": 13.324443881517029,
      "10,1019": 14.856106893055392,
      "11,1": 22.47220505424423,
      "11,2": 55.21775076911409,
      "11,3": 11.180339887498949,
      "11,4": 48.82622246293481,
      "11,5": 70.25667228100119,
      "11,6": 30.4138126514911,
      "11,7": 45.65084884205331,
      "11,8": 47.01063709417264,
      "11,9": 40.11234224026316,
      "11,10": 56.302753041036986,
      "11,11": 0.0,
      "11,12": 41.6293165929973,
      "11,13": 32.89376840679705,
      "11,14": 48.05205510693585,
      "11,15": 60.07495318350236,
      "11,16": 72.00694410957877,
      "11,17": 47.01063709417264,
      "11,18": 61.84658438426491,
      "11,19": 67.23094525588644,
      "11,20": 32.55764119219941,
      "11,21": 84.21995013059554,
      "11,22": 50.44799302251776,
      "11,23": 42.15447781671598,
      "11,24": 58.0,
      "11,25": 31.11269837220809,
      "11,26": 33.24154027718932,
      "11,27": 66.06814663663572,
      "11,28": 53.075418038862395,
      "11,29": 68.35202996254024,
      "11,30": 67.67569726275453,
      "11,31": 25.317977802344327,
      "11,32": 46.84015371452148,
      "11,33": 56.515484603779164,
      "11,34": 45.221676218380054,
      "11,35": 8.602325267042627,
      "11,36": 31.400636936215164,
      "11,37": 43.04648650006177,
      "11,38": 55.08175741568164,
      "11,39": 82.0792300158816,
      "11,40": 51.42956348249516,
      "11,41": 20.248456731316587,
      "11,42": 56.04462507680822,
      "11,43": 79.12016177940993,
      "11,44": 66.2117814289874,
      "11,45": 27.018512172212592,
      "11,46": 75.58438992278762,
      "11,47": 50.80354318352215,
      "11,48": 73.78346698278686,
      "11,49": 14.035668847618199,
      "11,50": 52.80151512977634,
      "11,1000": 37.135388122809545,
      "11,1001": 88.21756907672058,
      "11,1002": 77.50219548733297,
      "11,1003": 36.60032136075271,
      "11,1004": 30.308027077564436,
      "11,1005": 49.24575960114519,
      "11,1006": 51.26998024122694,
      "11,1007": 58.66279550469999,
      "11,1008": 76.90596652079769,
      "11,1009": 61.27585867814325,
      "11,1010": 64.32565630921347,
      "11,1011": 47.29085143521083,
      "11,1012": 84.76967457284948,
      "11,1013": 17.009199750584344,
      "11,1014": 36.814012150445556,
      "11,1015": 38.77432378263315,
      "11,1016": 39.66513305153701,
      "11,1017": 72.9237957770966,
      "11,1018": 68.71865237895611,
      "11,1019": 61.092735062071185,
      "12,1": 44.40720662234904,
      "12,2": 28.635642126552707,
      "12,3": 45.60701700396552,
      "12,4": 25.079872407968907,
      "12,5": 61.91122676865643,
      "12,6": 35.4682957019364,
      "12,7": 28.0178514522438,
      "12,8": 49.20365840057018,
      "12,9": 41.88078318274385,
      "12,10": 40.70626487409524,
      "12,11": 41.6293165929973,
      "12,12": 0.0,
      "12,13": 9.219544457292887,
      "12,14": 41.036569057366385,
      "12,15": 55.44366510251645,
      "12,16": 66.2872536767062,
      "12,17": 6.708203932499369,
      "12,18": 48.76474136094644,
      "12,19": 46.57252408878007,
      "12,20": 12.529964086141668,
      "12,21": 56.142675390472796,
      "12,22": 22.80350850198276,
      "12,23": 33.015148038438355,
      "12,24": 25.079872407968907,
      "12,25": 16.76305461424021,
      "12,26": 29.5296461204668,
      "12,27": 34.23448553724738,
      "12,28": 19.026297590440446,
      "12,29": 49.040799340956916,
      "12,30": 49.64876634922564,
      "12,31": 18.384776310850235,
      "12,32": 30.805843601498726,
      "12,33": 45.48626166217664,
      "12,34": 5.830951894845301,
      "12,35": 33.24154027718932,
      "12,36": 20.615528128088304,
      "12,37": 25.612496949731394,
      "12,38": 42.720018726587654,
      "12,39": 59.413803110051795,
      "12,40": 10.0,
      "12,41": 35.0,
      "12,42": 43.56604182158393,
      "12,43": 61.1310068623117,
      "12,44": 44.14748010928823,
      "12,45": 43.41658669218482,
      "12,46": 57.0087712549569,
      "12,47": 25.298221281347036,
      "12,48": 45.044422518220834,
      "12,49": 28.844410203711913,
      "12,50": 40.26164427839479,
      "12,1000": 21.579639111956105,
      "12,1001": 69.13861803943338,
      "12,1002": 53.60895363830269,
      "12,1003": 15.485706987234186,
      "12,1004": 16.353823667644303,
      "12,1005": 38.86598198503326,
      "12,1006": 40.415801816461936,
      "12,1007": 17.661722184116183,
      "12,1008": 68.32119168661511,
      "12,1009": 30.84717513986802,
      "12,1010": 55.74028402421512,
      "12,1011": 14.660018367881756,
      "12,1012": 64.41505895337679,
      "12,1013": 36.621522593592374,
      "12,1014": 26.508709514723623,
      "12,1015": 23.94326875562935,
      "12,1016": 10.317806716618884,
      "12,1017": 45.106212706001386,
      "12,1018": 46.74120644637192,
      "12,1019": 34.21760757219407,
      "13,1": 35.510561809129406,
      "13,2": 34.0147027033899,
      "13,3": 36.40054944640259,
      "13,4": 29.154759474226502,
      "13,5": 64.07807737440318,
      "13,6": 32.202484376209235,
      "13,7": 30.364452901377952,
      "13,8": 48.16637831516918,
      "13,9": 40.311288741492746,
      "13,10": 43.68065933568311,
      "13,11": 32.89376840679705,
      "13,12": 9.219544457292887,
      "13,13": 0.0,
      "13,14": 41.677331968349414,
      "13,15": 56.43580423808985,
      "13,16": 67.97793759742936,
      "13,17": 15.620499351813308,
      "13,18": 51.54609587543949,
      "13,19": 51.24451190127583,
      "13,20": 5.0990195135927845,
      "13,21": 62.96824596572466,
      "13,22": 28.0178514522438,
      "13,23": 28.160255680657446,
      "13,24": 32.28002478313795,
      "13,25": 14.212670403551895,
      "13,26": 27.586228448267445,
      "13,27": 41.48493702538308,
      "13,28": 26.248809496813376,
      "13,29": 53.46026561849464,
      "13,30": 53.75872022286245,
      "13,31": 9.219544457292887,
      "13,32": 27.784887978899608,
      "13,33": 47.53945729601885,
      "13,34": 12.36931687685298,
      "13,35": 24.73863375370596,
      "13,36": 18.439088914585774,
      "13,37": 27.51363298439521,
      "13,38": 44.94441010848846,
      "13,39": 65.0,
      "13,40": 19.209372712298546,
      "13,41": 26.076809620810597,
      "13,42": 45.880278987817846,
      "13,43": 65.62011886609167,
      "13,44": 49.09175083453431,
      "13,45": 34.92849839314596,
      "13,46": 61.5223536610881,
      "13,47": 30.01666203960727,
      "13,48": 51.78802950489621,
      "13,49": 19.72308292331602,
      "13,50": 37.12142238654117,
      "13,1000": 21.84473251057374,
      "13,1001": 74.07973485992513,
      "13,1002": 59.35243149477427,
      "13,1003": 10.940897739947676,
      "13,1004": 13.217909949822706,
      "13,1005": 34.99803126021908,
      "13,1006": 42.05063037603607,
      "13,1007": 25.7772554888251,
      "13,1008": 70.75306874825671,
      "13,1009": 37.55855570656249,
      "13,1010": 57.718321648846874,
      "13,1011": 20.875226393962482,
      "13,1012": 69.55805044904804,
      "13,1013": 27.508029698901936,
      "13,1014": 20.91015752991587,
      "13,1015": 24.547219630907293,
      "13,1016": 13.649791884172593,
      "13,1017": 51.6131563594306,
      "13,1018": 51.76928999616108,
      "13,1019": 40.04015194243759,
      "14,1": 66.03029607687671,
      "14,2": 22.090722034374522,
      "14,3": 58.54912467321779,
      "14,4": 19.313207915827967,
      "14,5": 23.345235059857504,
      "14,6": 17.72004514666935,
      "14,7": 13.892443989449804,
      "14,8": 11.0,
      "14,9": 9.899494936611665,
      "14,10": 10.816653826391969,
      "14,11": 48.05205510693585,
      "14,12": 41.036569057366385,
      "14,13": 41.677331968349414,
      "14,14": 0.0,
      "14,15": 14.7648230602334,
      "14,16": 26.570660511172846,
      "14,17": 39.20459156782532,
      "14,18": 13.92838827718412,
      "14,19": 21.93171219946131,
      "14,20": 46.52956049652737,
      "14,21": 41.23105625617661,
      "14,22": 23.40939982143925,
      "14,23": 69.35416353759881,
      "14,24": 30.4138126514911,
      "14,25": 27.730849247724095,
      "14,26": 16.1245154965971,
      "14,27": 32.2490309931942,
      "14,28": 31.016124838541646,
      "14,29": 22.02271554554524,
      "14,30": 20.808652046684813,
      "14,31": 45.5411901469428,
      "14,32": 69.46221994724903,
      "14,33": 8.54400374531753,
      "14,34": 46.66904755831214,
      "14,35": 42.1070065428546,
      "14,36": 23.769728648009426,
      "14,37": 15.620499351813308,
      "14,38": 7.810249675906654,
      "14,39": 35.805027579936315,
      "14,40": 43.266615305567875,
      "14,41": 58.42088667591412,
      "14,42": 8.602325267042627,
      "14,43": 31.38470965295043,
      "14,44": 22.20360331117452,
      "14,45": 68.3593446428504,
      "14,46": 28.178005607210743,
      "14,47": 20.8806130178211,
      "14,48": 33.54101966249684,
      "14,49": 46.17358552246078,
      "14,50": 78.77182237323191,
      "14,1000": 19.91893123341201,
      "14,1001": 40.42549644540748,
      "14,1002": 32.45350626641607,
