{
  "metadata": {
    "source": "Mankowska HCSRP",
    "seed": 1,
    "sigma": 0.15
  },
  "parameters": {
    "p": 5
  },
  "sets": {
    "customers": [
      1,
      2,
      3,
      4,
      5,
      6,
      7,
      8,
      9,
      10,
      11,
      12,
      13,
      14,
      15,
      16,
      17,
      18,
      19,
      20,
      21,
      22,
      23,
      24,
      25
    ],
    "facilities": [
      1000,
      1001,
      1002,
      1003,
      1004,
      1005,
      1006,
      1007,
      1008,
      1009
    ],
    "vehicles": [
      0,
      1,
      2,
      3,
      4
    ]
  },
  "coordinates": {
    "customers": {
      "1": {
        "x": 30.0,
        "y": 22.0
      },
      "2": {
        "x": 72.0,
        "y": 39.0
      },
      "3": {
        "x": 31.0,
        "y": 11.0
      },
      "4": {
        "x": 53.0,
        "y": 40.0
      },
      "5": {
        "x": 54.0,
        "y": 46.0
      },
      "6": {
        "x": 82.0,
        "y": 9.0
      },
      "7": {
        "x": 28.0,
        "y": 28.0
      },
      "8": {
        "x": 2.0,
        "y": 31.0
      },
      "9": {
        "x": 83.0,
        "y": 42.0
      },
      "10": {
        "x": 58.0,
        "y": 36.0
      },
      "11": {
        "x": 68.0,
        "y": 40.0
      },
      "12": {
        "x": 79.0,
        "y": 47.0
      },
      "13": {
        "x": 15.0,
        "y": 47.0
      },
      "14": {
        "x": 99.0,
        "y": 12.0
      },
      "15": {
        "x": 67.0,
        "y": 5.0
      },
      "16": {
        "x": 51.0,
        "y": 3.0
      },
      "17": {
        "x": 88.0,
        "y": 36.0
      },
      "18": {
        "x": 39.0,
        "y": 15.0
      },
      "19": {
        "x": 78.0,
        "y": 47.0
      },
      "20": {
        "x": 97.0,
        "y": 17.0
      },
      "21": {
        "x": 88.0,
        "y": 16.0
      },
      "22": {
        "x": 24.0,
        "y": 40.0
      },
      "23": {
        "x": 90.0,
        "y": 0.0
      },
      "24": {
        "x": 17.0,
        "y": 43.0
      },
      "25": {
        "x": 0.0,
        "y": 0.0
      }
    },
    "facilities": {
      "1000": {
        "x": 59.71530207839739,
        "y": 38.65534135810107
      },
      "1001": {
        "x": 29.24560164915884,
        "y": 30.042121067022215
      },
      "1002": {
        "x": 95.90774388109602,
        "y": 21.43080064681565
      },
      "1003": {
        "x": 22.575244425409053,
        "y": 36.90541391107845
      },
      "1004": {
        "x": 23.028549152229672,
        "y": 37.61179966067107
      },
      "1005": {
        "x": 69.50891721986922,
        "y": 47.82824945586993
      },
      "1006": {
        "x": 96.78298325557022,
        "y": 33.62408475376425
      },
      "1007": {
        "x": 91.33198794261227,
        "y": 15.442331511654347
      },
      "1008": {
        "x": 21.580815751497358,
        "y": 5.433833325460701
      },
      "1009": {
        "x": 28.757751873011443,
        "y": 21.916244827637012
      }
    }
  },
  "time_windows": {
    "e": {
      "1": 124.0,
      "2": 316.0,
      "3": 370.0,
      "4": 301.0,
      "5": 372.0,
      "6": 278.0,
      "7": 51.0,
      "8": 11.0,
      "9": 413.0,
      "10": 0.0,
      "11": 114.0,
      "12": 290.0,
      "13": 302.0,
      "14": 137.0,
      "15": 268.0,
      "16": 348.0,
      "17": 102.0,
      "18": 469.0,
      "19": 243.0,
      "20": 255.0,
      "21": 78.0,
      "22": 121.0,
      "23": 128.0,
      "24": 220.0,
      "25": 59.0
    },
    "l": {
      "1": 244.0,
      "2": 436.0,
      "3": 490.0,
      "4": 421.0,
      "5": 492.0,
      "6": 398.0,
      "7": 171.0,
      "8": 131.0,
      "9": 533.0,
      "10": 120.0,
      "11": 234.0,
      "12": 410.0,
      "13": 422.0,
      "14": 257.0,
      "15": 388.0,
      "16": 468.0,
      "17": 222.0,
      "18": 589.0,
      "19": 363.0,
      "20": 375.0,
      "21": 198.0,
      "22": 241.0,
      "23": 248.0,
      "24": 340.0,
      "25": 179.0
    }
  },
  "travel_time": {
    "matrix": {
      "1,1": 0.0,
      "1,2": 45.31004303683677,
      "1,3": 11.045361017187261,
      "1,4": 29.206163733020468,
      "1,5": 33.94112549695428,
      "1,6": 53.600373133029585,
      "1,7": 6.324555320336759,
      "1,8": 29.410882339705484,
      "1,9": 56.64803615307419,
      "1,10": 31.304951684997057,
      "1,11": 42.04759208325728,
      "1,12": 55.00909015790027,
      "1,13": 29.154759474226502,
      "1,14": 69.72087205421343,
      "1,15": 40.718546143004666,
      "1,16": 28.319604517012593,
      "1,17": 59.665735560705194,
      "1,18": 11.40175425099138,
      "1,19": 54.120236510939236,
      "1,20": 67.1863081289633,
      "1,21": 58.309518948453004,
      "1,22": 18.973665961010276,
      "1,23": 63.90618123468183,
      "1,24": 24.698178070456937,
      "1,25": 37.20215047547655,
      "1,1000": 34.06463816577655,
      "1,1001": 8.077427073542317,
      "1,1002": 65.91020172476956,
      "1,1003": 16.65227789832341,
      "1,1004": 17.097643567691044,
      "1,1005": 47.2022564062474,
      "1,1006": 67.78706512953977,
      "1,1007": 61.68156743303285,
      "1,1008": 18.582802310169786,
      "1,1009": 1.24506840691752,
      "2,1": 45.31004303683677,
      "2,2": 0.0,
      "2,3": 49.64876634922564,
      "2,4": 19.026297590440446,
      "2,5": 19.313207915827967,
      "2,6": 31.622776601683793,
      "2,7": 45.35416188179427,
      "2,8": 70.45565981523414,
      "2,9": 11.40175425099138,
      "2,10": 14.317821063276353,
      "2,11": 4.123105625617661,
      "2,12": 10.63014581273465,
      "2,13": 57.55866572463264,
      "2,14": 38.18376618407357,
      "2,15": 34.36568055487916,
      "2,16": 41.677331968349414,
      "2,17": 16.278820596099706,
      "2,18": 40.80441152620633,
      "2,19": 10.0,
      "2,20": 33.301651610693426,
      "2,21": 28.0178514522438,
      "2,22": 48.010415536631214,
      "2,23": 42.95346318982906,
      "2,24": 55.14526271584895,
      "2,25": 81.88406438373708,
      "2,1000": 12.289531830157854,
      "2,1001": 43.68274457174476,
      "2,1002": 29.669125086460127,
      "2,1003": 49.46911920068885,
      "2,1004": 48.9911226480645,
      "2,1005": 9.17297562803542,
      "2,1006": 25.35935180127015,
      "2,1007": 30.47440733500982,
      "2,1008": 60.57046875753406,
      "2,1009": 46.494588006189325,
      "3,1": 11.045361017187261,
      "3,2": 49.64876634922564,
      "3,3": 0.0,
      "3,4": 36.40054944640259,
      "3,5": 41.88078318274385,
      "3,6": 51.03920062069938,
      "3,7": 17.26267650163207,
      "3,8": 35.22782990761707,
      "3,9": 60.53924347066124,
      "3,10": 36.796738985948195,
      "3,11": 47.01063709417264,
      "3,12": 60.0,
      "3,13": 39.395431207184416,
      "3,14": 68.00735254367721,
      "3,15": 36.49657518178932,
      "3,16": 21.540659228538015,
      "3,17": 62.24146527838174,
      "3,18": 8.94427190999916,
      "3,19": 59.20304046246274,
      "3,20": 66.27216610312357,
      "3,21": 57.21887800367987,
      "3,22": 29.832867780352597,
      "3,23": 60.01666435249463,
      "3,24": 34.92849839314596,
      "3,25": 32.89376840679705,
      "3,1000": 39.867110242488216,
      "3,1001": 19.122768845137607,
      "3,1002": 65.74052644957727,
      "3,1003": 27.240906306433676,
      "3,1004": 27.780063171240467,
      "3,1005": 53.28467569039455,
      "3,1006": 69.56471876567991,
      "3,1007": 60.49531451581147,
      "3,1008": 10.940897739947676,
      "3,1009": 11.144149936172589,
      "4,1": 29.206163733020468,
      "4,2": 19.026297590440446,
      "4,3": 36.40054944640259,
      "4,4": 0.0,
      "4,5": 6.082762530298219,
      "4,6": 42.44997055358225,
      "4,7": 27.730849247724095,
      "4,8": 51.78802950489621,
      "4,9": 30.066592756745816,
      "4,10": 6.4031242374328485,
      "4,11": 15.0,
      "4,12": 26.92582403567252,
      "4,13": 38.63935817272331,
      "4,14": 53.85164807134504,
      "4,15": 37.69615364994153,
      "4,16": 37.05401462729781,
      "4,17": 35.22782990761707,
      "4,18": 28.653097563788805,
      "4,19": 25.96150997149434,
      "4,20": 49.64876634922564,
      "4,21": 42.43819034784589,
      "4,22": 29.0,
      "4,23": 54.48853090330111,
      "4,24": 36.124783736376884,
      "4,25": 66.40030120413611,
      "4,1000": 6.848604884745638,
      "4,1001": 25.757150344210984,
      "4,1002": 46.75349879510661,
      "4,1003": 30.581730082442192,
      "4,1004": 30.066449188108056,
      "4,1005": 18.270901382138273,
      "4,1006": 44.24479537736301,
      "4,1007": 45.5238440953316,
      "4,1008": 46.71172248390534,
      "4,1009": 30.244153077651973,
      "5,1": 33.94112549695428,
      "5,2": 19.313207915827967,
      "5,3": 41.88078318274385,
      "5,4": 6.082762530298219,
      "5,5": 0.0,
      "5,6": 46.400431032480725,
      "5,7": 31.622776601683793,
      "5,8": 54.120236510939236,
      "5,9": 29.274562336608895,
      "5,10": 10.770329614269007,
      "5,11": 15.231546211727817,
      "5,12": 25.019992006393608,
      "5,13": 39.01281840626232,
      "5,14": 56.4003546088143,
      "5,15": 43.01162633521314,
      "5,16": 43.104524124504614,
      "5,17": 35.4400902933387,
      "5,18": 34.438350715445125,
      "5,19": 24.020824298928627,
      "5,20": 51.86520991955976,
      "5,21": 45.34313619501854,
      "5,22": 30.59411708155671,
      "5,23": 58.412327466040935,
      "5,24": 37.12142238654117,
      "5,25": 70.9365914038728,
      "5,1000": 9.306378909831375,
      "5,1001": 29.452234851564384,
      "5,1002": 48.57884883424118,
      "5,1003": 32.71432039721428,
      "5,1004": 32.08726651724281,
      "5,1005": 15.616305882174716,
      "5,1006": 44.53702880108205,
      "5,1007": 48.243636131524966,
      "5,1008": 51.92896480775315,
      "5,1009": 34.88836989179601,
      "6,1": 53.600373133029585,
      "6,2": 31.622776601683793,
      "6,3": 51.03920062069938,
      "6,4": 42.44997055358225,
      "6,5": 46.400431032480725,
      "6,6": 0.0,
      "6,7": 57.245087125446844,
      "6,8": 82.96987405076617,
      "6,9": 33.015148038438355,
      "6,10": 36.124783736376884,
      "6,11": 34.0147027033899,
      "6,12": 38.118237105091836,
      "6,13": 77.02596964660685,
      "6,14": 17.26267650163207,
      "6,15": 15.524174696260024,
      "6,16": 31.575306807693888,
      "6,17": 27.65863337187866,
      "6,18": 43.41658669218482,
      "6,19": 38.2099463490856,
      "6,20": 17.0,
      "6,21": 9.219544457292887,
      "6,22": 65.76473218982953,
      "6,23": 12.041594578792296,
      "6,24": 73.35529974037323,
      "6,25": 82.49242389456137,
      "6,1000": 37.09510793248322,
      "6,1001": 56.79610377797453,
      "6,1002": 18.653421792878547,
      "6,1003": 65.65069459380067,
      "6,1004": 65.54591592855628,
      "6,1005": 40.787989712994474,
      "6,1006": 28.720761547964468,
      "6,1007": 11.339736957580428,
      "6,1008": 60.52433700591114,
      "6,1009": 54.78655278499713,
      "7,1": 6.324555320336759,
      "7,2": 45.35416188179427,
      "7,3": 17.26267650163207,
      "7,4": 27.730849247724095,
      "7,5": 31.622776601683793,
      "7,6": 57.245087125446844,
      "7,7": 0.0,
      "7,8": 26.1725046566048,
      "7,9": 56.753854494650845,
      "7,10": 31.04834939252005,
      "7,11": 41.7612260356422,
      "7,12": 54.42425929675111,
      "7,13": 23.021728866442675,
      "7,14": 72.78049189171504,
      "7,15": 45.27692569068709,
      "7,16": 33.97057550292606,
      "7,17": 60.530983801686226,
      "7,18": 17.029386365926403,
      "7,19": 53.48831648126533,
      "7,20": 69.87131027825369,
      "7,21": 61.18823416311342,
      "7,22": 12.649110640673518,
      "7,23": 68.0294054067798,
      "7,24": 18.601075237738275,
      "7,25": 39.59797974644666,
      "7,1000": 33.45738611101676,
      "7,1001": 2.3920246488619576,
      "7,1002": 68.22474667715822,
      "7,1003": 10.427577377880496,
      "7,1004": 10.821368501657854,
      "7,1005": 46.001626984816106,
      "7,1006": 69.01252868033149,
      "7,1007": 64.56497297007392,
      "7,1008": 23.461410972047535,
      "7,1009": 6.130763810350694,
      "8,1": 29.410882339705484,
      "8,2": 70.45565981523414,
      "8,3": 35.22782990761707,
      "8,4": 51.78802950489621,
      "8,5": 54.120236510939236,
      "8,6": 82.96987405076617,
      "8,7": 26.1725046566048,
      "8,8": 0.0,
      "8,9": 81.74350127074322,
      "8,10": 56.22277118748239,
      "8,11": 66.61080993352356,
      "8,12": 78.64477096412705,
      "8,13": 20.615528128088304,
      "8,14": 98.84331034521254,
      "8,15": 70.00714249274856,
      "8,16": 56.43580423808985,
      "8,17": 86.14522621712709,
      "8,18": 40.311288741492746,
      "8,19": 77.6659513557904,
      "8,20": 96.0260381354974,
      "8,21": 87.29833904490967,
      "8,22": 23.769728648009426,
      "8,23": 93.30058949438637,
      "8,24": 19.209372712298546,
      "8,25": 31.064449134018133,
      "8,1000": 58.22078963145137,
      "8,1001": 27.262434617526175,
      "8,1002": 94.39403549535591,
      "8,1003": 21.40594769279055,
      "8,1004": 22.043497322353122,
      "8,1005": 69.57473596031926,
      "8,1006": 94.81930043836351,
      "8,1007": 90.67659631113361,
      "8,1008": 32.20306233767855,
      "8,1009": 28.257598859936397,
      "9,1": 56.64803615307419,
      "9,2": 11.40175425099138,
      "9,3": 60.53924347066124,
      "9,4": 30.066592756745816,
      "9,5": 29.274562336608895,
      "9,6": 33.015148038438355,
      "9,7": 56.753854494650845,
      "9,8": 81.74350127074322,
      "9,9": 0.0,
      "9,10": 25.709920264364882,
      "9,11": 15.132745950421556,
      "9,12": 6.4031242374328485,
      "9,13": 68.18357573492314,
      "9,14": 34.0,
      "9,15": 40.311288741492746,
      "9,16": 50.44799302251776,
      "9,17": 7.810249675906654,
      "9,18": 51.62363799656123,
      "9,19": 7.0710678118654755,
      "9,20": 28.653097563788805,
      "9,21": 26.476404589747453,
      "9,22": 59.033888572581766,
      "9,23": 42.579337712087536,
      "9,24": 66.007575322837,
      "9,25": 93.02150289046077,
      "9,1000": 23.523688034215937,
      "9,1001": 55.068377592195944,
      "9,1002": 24.283776768266737,
      "9,1003": 60.63914489557461,
      "9,1004": 60.13178210401401,
      "9,1005": 14.696183392302554,
      "9,1006": 16.128440210865197,
      "9,1007": 27.83400399893454,
      "9,1008": 71.48007232104416,
      "9,1009": 57.84097772075789,
      "10,1": 31.304951684997057,
      "10,2": 14.317821063276353,
      "10,3": 36.796738985948195,
      "10,4": 6.4031242374328485,
      "10,5": 10.770329614269007,
      "10,6": 36.124783736376884,
      "10,7": 31.04834939252005,
      "10,8": 56.22277118748239,
      "10,9": 25.709920264364882,
      "10,10": 0.0,
      "10,11": 10.770329614269007,
      "10,12": 23.706539182259394,
      "10,13": 44.384682042344295,
      "10,14": 47.50789408087881,
      "10,15": 32.28002478313795,
      "10,16": 33.734255586866,
      "10,17": 30.0,
      "10,18": 28.319604517012593,
      "10,19": 22.825424421026653,
      "10,20": 43.382023926967726,
      "10,21": 36.05551275463989,
      "10,22": 34.23448553724738,
      "10,23": 48.16637831516918,
      "10,24": 41.593268686170845,
      "10,25": 68.26419266350405,
      "10,1000": 3.161186319753463,
      "10,1001": 29.365145085609186,
      "10,1002": 40.61106519099936,
      "10,1003": 35.436324327868526,
      "10,1004": 35.00857427180026,
      "10,1005": 16.503413609435157,
      "10,1006": 38.8556915195076,
      "10,1007": 39.16170519631608,
      "10,1008": 47.5462672194369,
      "10,1009": 32.45706757049113,
      "11,1": 42.04759208325728,
      "11,2": 4.123105625617661,
      "11,3": 47.01063709417264,
      "11,4": 15.0,
      "11,5": 15.231546211727817,
      "11,6": 34.0147027033899,
      "11,7": 41.7612260356422,
      "11,8": 66.61080993352356,
      "11,9": 15.132745950421556,
      "11,10": 10.770329614269007,
      "11,11": 0.0,
      "11,12": 13.038404810405298,
      "11,13": 53.46026561849464,
      "11,14": 41.773197148410844,
      "11,15": 35.014282800023196,
      "11,16": 40.718546143004666,
      "11,17": 20.396078054371138,
      "11,18": 38.28837943815329,
      "11,19": 12.206555615733702,
      "11,20": 37.013511046643494,
      "11,21": 31.240998703626616,
      "11,22": 44.0,
      "11,23": 45.65084884205331,
      "11,24": 51.088159097779204,
      "11,25": 78.89233169326408,
      "11,1000": 8.39311184933455,
      "11,1001": 40.01328209956692,
      "11,1002": 33.52099839132413,
      "11,1003": 45.530043730190705,
      "11,1004": 45.03481866527491,
      "11,1005": 7.9723472528324875,
      "11,1006": 29.48071268333954,
      "11,1007": 33.87418992297365,
      "11,1008": 57.87538807531632,
      "11,1009": 43.208520446714004,
      "12,1": 55.00909015790027,
      "12,2": 10.63014581273465,
      "12,3": 60.0,
      "12,4": 26.92582403567252,
      "12,5": 25.019992006393608,
      "12,6": 38.118237105091836,
      "12,7": 54.42425929675111,
      "12,8": 78.64477096412705,
      "12,9": 6.4031242374328485,
      "12,10": 23.706539182259394,
      "12,11": 13.038404810405298,
      "12,12": 0.0,
      "12,13": 64.0,
      "12,14": 40.311288741492746,
      "12,15": 43.68065933568311,
      "12,16": 52.15361924162119,
      "12,17": 14.212670403551895,
      "12,18": 51.22499389946279,
      "12,19": 1.0,
      "12,20": 34.9857113690718,
      "12,21": 32.28002478313795,
      "12,22": 55.44366510251645,
      "12,23": 48.27007354458868,
      "12,24": 62.12889826803627,
      "12,25": 91.92388155425118,
      "12,1000": 21.012684306801034,
      "12,1001": 52.564910474191024,
      "12,1002": 30.65380496303229,
      "12,1003": 57.32062203046109,
      "12,1004": 56.753340127394665,
      "12,1005": 9.527153273693242,
      "12,1006": 22.251957265426622,
      "12,1007": 33.88162285129003,
      "12,1008": 70.88518132712278,
      "12,1009": 56.1558391478654,
      "13,1": 29.154759474226502,
      "13,2": 57.55866572463264,
      "13,3": 39.395431207184416,
      "13,4": 38.63935817272331,
      "13,5": 39.01281840626232,
      "13,6": 77.02596964660685,
      "13,7": 23.021728866442675,
      "13,8": 20.615528128088304,
      "13,9": 68.18357573492314,
      "13,10": 44.384682042344295,
      "13,11": 53.46026561849464,
      "13,12": 64.0,
      "13,13": 0.0,
      "13,14": 91.0,
      "13,15": 66.84309986827361,
      "13,16": 56.85068161420758,
      "13,17": 73.824115301167,
      "13,18": 40.0,
      "13,19": 63.0,
      "13,20": 87.31551981177229,
      "13,21": 79.30952023559341,
      "13,22": 11.40175425099138,
      "13,23": 88.50988645343524,
      "13,24": 4.47213595499958,
      "13,25": 49.33558553417604,
      "13,1000": 45.48726819465144,
      "13,1001": 22.147388655370836,
      "13,1002": 84.85191203203328,
      "13,1003": 12.62081599625553,
      "13,1004": 12.352971589910812,
      "13,1005": 54.515209379068736,
      "13,1006": 82.86960515686894,
      "13,1007": 82.59817687873885,
      "13,1008": 42.08388465874719,
      "13,1009": 28.608923610412134,
      "14,1": 69.72087205421343,
      "14,2": 38.18376618407357,
      "14,3": 68.00735254367721,
      "14,4": 53.85164807134504,
      "14,5": 56.4003546088143,
      "14,6": 17.26267650163207,
      "14,7": 72.78049189171504,
      "14,8": 98.84331034521254,
      "14,9": 34.0,
      "14,10": 47.50789408087881,
      "14,11": 41.773197148410844,
      "14,12": 40.311288741492746,
      "14,13": 91.0,
      "14,14": 0.0,
      "14,15": 32.7566787083184,
      "14,16": 48.83646178829912,
      "14,17": 26.40075756488817,
      "14,18": 60.07495318350236,
      "14,19": 40.8166632639171,
      "14,20": 5.385164807134504,
      "14,21": 11.704699910719626,
      "14,22": 80.05623023850174,
      "14,23": 15.0,
      "14,24": 87.66413177577246,
      "14,25": 99.72462083156798,
      "14,1000": 47.474147846048396,
      "14,1001": 72.04994255296057,
      "14,1002": 9.924819834378738,
      "14,1003": 80.38048834585487,
      "14,1004": 80.1724742400628,
      "14,1005": 46.40460561858672,
      "14,1006": 21.73743785921104,
      "14,1007": 8.405239743658242,
      "14,1008": 77.69713401729456,
      "14,1009": 70.93874352858997,
      "15,1": 40.718546143004666,
      "15,2": 34.36568055487916,
      "15,3": 36.49657518178932,
      "15,4": 37.69615364994153,
      "15,5": 43.01162633521314,
      "15,6": 15.524174696260024,
      "15,7": 45.27692569068709,
      "15,8": 70.00714249274856,
      "15,9": 40.311288741492746,
      "15,10": 32.28002478313795,
      "15,11": 35.014282800023196,
      "15,12": 43.68065933568311,
      "15,13": 66.84309986827361,
      "15,14": 32.7566787083184,
      "15,15": 0.0,
      "15,16": 16.1245154965971,
      "15,17": 37.44329045369811,
      "15,18": 29.732137494637012,
      "15,19": 43.41658669218482,
      "15,20": 32.31098884280702,
      "15,21": 23.706539182259394,
      "15,22": 55.44366510251645,
      "15,23": 23.53720459187964,
      "15,24": 62.80127387243033,
      "15,25": 67.1863081289633,
      "15,1000": 34.434703799209736,
      "15,1001": 45.30455189458776,
      "15,1002": 33.25099797284951,
      "15,1003": 54.69473781543694,
      "15,1004": 54.745026867886615,
      "15,1005": 42.90167382597536,
      "15,1006": 41.308162868763056,
      "15,1007": 26.47806497157068,
      "15,1008": 45.421256137998995,
      "15,1009": 41.81661010740488,
      "16,1": 28.319604517012593,
      "16,2": 41.677331968349414,
      "16,3": 21.540659228538015,
      "16,4": 37.05401462729781,
      "16,5": 43.104524124504614,
      "16,6": 31.575306807693888,
      "16,7": 33.97057550292606,
      "16,8": 56.43580423808985,
      "16,9": 50.44799302251776,
      "16,10": 33.734255586866,
      "16,11": 40.718546143004666,
      "16,12": 52.15361924162119,
      "16,13": 56.85068161420758,
      "16,14": 48.83646178829912,
      "16,15": 16.1245154965971,
      "16,16": 0.0,
      "16,17": 49.57822102496216,
      "16,18": 16.97056274847714,
      "16,19": 51.62363799656123,
      "16,20": 48.08326112068523,
      "16,21": 39.21734310225516,
      "16,22": 45.803929962395145,
      "16,23": 39.11521443121589,
      "16,24": 52.49761899362675,
      "16,25": 51.088159097779204,
      "16,1000": 36.705038587099054,
      "16,1001": 34.70634177510743,
      "16,1002": 48.54276334298221,
      "16,1003": 44.24413884297886,
      "16,1004": 44.50144647401544,
      "16,1005": 48.4989893289507,
      "16,1006": 55.08099602209058,
      "16,1007": 42.207592502403266,
      "16,1008": 29.5196874391222,
      "16,1009": 29.198320501728006,
      "17,1": 59.665735560705194,
      "17,2": 16.278820596099706,
      "17,3": 62.24146527838174,
      "17,4": 35.22782990761707,
      "17,5": 35.4400902933387,
      "17,6": 27.65863337187866,
      "17,7": 60.530983801686226,
      "17,8": 86.14522621712709,
      "17,9": 7.810249675906654,
      "17,10": 30.0,
      "17,11": 20.396078054371138,
      "17,12": 14.212670403551895,
      "17,13": 73.824115301167,
      "17,14": 26.40075756488817,
      "17,15": 37.44329045369811,
      "17,16": 49.57822102496216,
      "17,17": 0.0,
      "17,18": 53.31041174104736,
      "17,19": 14.866068747318506,
      "17,20": 21.02379604162864,
      "17,21": 20.0,
      "17,22": 64.1248781675256,
      "17,23": 36.05551275463989,
      "17,24": 71.34423592694787,
      "17,25": 95.0789145920377,
      "17,1000": 28.40906500123425,
      "17,1001": 59.05569952976043,
      "17,1002": 16.576911144173962,
      "17,1003": 65.43102029118408,
      "17,1004": 64.99144038571829,
      "17,1005": 21.950572374585963,
      "17,1006": 9.098668480877972,
      "17,1007": 20.825942411483652,
      "17,1008": 73.1149682446232,
      "17,1009": 60.89331755533394,
      "18,1": 11.40175425099138,
      "18,2": 40.80441152620633,
      "18,3": 8.94427190999916,
      "18,4": 28.653097563788805,
      "18,5": 34.438350715445125,
      "18,6": 43.41658669218482,
      "18,7": 17.029386365926403,
      "18,8": 40.311288741492746,
      "18,9": 51.62363799656123,
      "18,10": 28.319604517012593,
      "18,11": 38.28837943815329,
      "18,12": 51.22499389946279,
      "18,13": 40.0,
      "18,14": 60.07495318350236,
      "18,15": 29.732137494637012,
      "18,16": 16.97056274847714,
      "18,17": 53.31041174104736,
      "18,18": 0.0,
      "18,19": 50.44799302251776,
      "18,20": 58.034472514187634,
      "18,21": 49.01020301937138,
      "18,22": 29.154759474226502,
      "18,23": 53.16013544000805,
      "18,24": 35.608987629529715,
      "18,25": 41.78516483155236,
      "18,1000": 31.44358304913011,
      "18,1001": 17.928014206315385,
      "18,1002": 57.26994421680107,
      "18,1003": 27.37918469021175,
      "18,1004": 27.683582247914877,
      "18,1005": 44.81615771421795,
      "18,1006": 60.71021072957087,
      "18,1007": 52.333857293265886,
      "18,1008": 19.87308543554193,
      "18,1009": 12.358725225953377,
      "19,1": 54.120236510939236,
      "19,2": 10.0,
      "19,3": 59.20304046246274,
      "19,4": 25.96150997149434,
      "19,5": 24.020824298928627,
      "19,6": 38.2099463490856,
      "19,7": 53.48831648126533,
      "19,8": 77.6659513557904,
      "19,9": 7.0710678118654755,
      "19,10": 22.825424421026653,
      "19,11": 12.206555615733702,
      "19,12": 1.0,
      "19,13": 63.0,
      "19,14": 40.8166632639171,
      "19,15": 43.41658669218482,
      "19,16": 51.62363799656123,
      "19,17": 14.866068747318506,
      "19,18": 50.44799302251776,
      "19,19": 0.0,
      "19,20": 35.510561809129406,
      "19,21": 32.57299494980466,
      "19,22": 54.45181356024793,
      "19,23": 48.507731342539614,
      "19,24": 61.1310068623117,
      "19,25": 91.0659101969557,
      "19,1000": 20.098843397919126,
      "19,1001": 51.61938605270344,
      "19,1002": 31.21652201116926,
      "19,1003": 56.33652632892623,
      "19,1004": 55.767362443639065,
      "19,1005": 8.53138229949768,
      "19,1006": 23.058958533583276,
      "19,1007": 34.25825948471818,
      "19,1008": 70.07760386373145,
      "19,1009": 55.262951189263816,
      "20,1": 67.1863081289633,
      "20,2": 33.301651610693426,
      "20,3": 66.27216610312357,
      "20,4": 49.64876634922564,
      "20,5": 51.86520991955976,
      "20,6": 17.0,
      "20,7": 69.87131027825369,
      "20,8": 96.0260381354974,
      "20,9": 28.653097563788805,
      "20,10": 43.382023926967726,
      "20,11": 37.013511046643494,
      "20,12": 34.9857113690718,
      "20,13": 87.31551981177229,
      "20,14": 5.385164807134504,
      "20,15": 32.31098884280702,
      "20,16": 48.08326112068523,
      "20,17": 21.02379604162864,
      "20,18": 58.034472514187634,
      "20,19": 35.510561809129406,
      "20,20": 0.0,
      "20,21": 9.055385138137417,
      "20,22": 76.53757247260981,
      "20,23": 18.384776310850235,
      "20,24": 84.11896337925236,
      "20,25": 98.47842403288143,
      "20,1000": 43.117311006613576,
      "20,1001": 68.99822764253682,
      "20,1002": 4.563443634044927,
      "20,1003": 77.040701874457,
      "20,1004": 76.7894642888967,
      "20,1005": 41.305454808503775,
      "20,1006": 16.62550120049618,
      "20,1007": 5.878153774977114,
      "20,1008": 76.30091457022526,
      "20,1009": 68.41910473420958,
      "21,1": 58.309518948453004,
      "21,2": 28.0178514522438,
      "21,3": 57.21887800367987,
      "21,4": 42.43819034784589,
      "21,5": 45.34313619501854,
      "21,6": 9.219544457292887,
      "21,7": 61.18823416311342,
      "21,8": 87.29833904490967,
      "21,9": 26.476404589747453,
      "21,10": 36.05551275463989,
      "21,11": 31.240998703626616,
      "21,12": 32.28002478313795,
      "21,13": 79.30952023559341,
      "21,14": 11.704699910719626,
      "21,15": 23.706539182259394,
      "21,16": 39.21734310225516,
      "21,17": 20.0,
      "21,18": 49.01020301937138,
      "21,19": 32.57299494980466,
      "21,20": 9.055385138137417,
      "21,21": 0.0,
      "21,22": 68.35202996254024,
      "21,23": 16.1245154965971,
      "21,24": 75.96051605933177,
      "21,25": 89.44271909999159,
      "21,1000": 36.23932433929192,
      "21,1001": 60.4091093265762,
      "21,1002": 9.593018761290155,
      "21,1003": 68.68358590513807,
      "21,1004": 68.47159491232271,
      "21,1005": 36.80974878760698,
      "21,1006": 19.691347294573124,
      "21,1007": 3.378333582198077,
      "21,1008": 67.25438212065208,
      "21,1009": 59.5369290104908,
      "22,1": 18.973665961010276,
      "22,2": 48.010415536631214,
      "22,3": 29.832867780352597,
      "22,4": 29.0,
      "22,5": 30.59411708155671,
      "22,6": 65.76473218982953,
      "22,7": 12.649110640673518,
      "22,8": 23.769728648009426,
      "22,9": 59.033888572581766,
      "22,10": 34.23448553724738,
      "22,11": 44.0,
      "22,12": 55.44366510251645,
      "22,13": 11.40175425099138,
      "22,14": 80.05623023850174,
      "22,15": 55.44366510251645,
      "22,16": 45.803929962395145,
      "22,17": 64.1248781675256,
      "22,18": 29.154759474226502,
      "22,19": 54.45181356024793,
      "22,20": 76.53757247260981,
      "22,21": 68.35202996254024,
      "22,22": 0.0,
      "22,23": 77.17512552629896,
      "22,24": 7.615773105863909,
      "22,25": 46.647615158762406,
      "22,1000": 35.7406058904212,
      "22,1001": 11.255029520418892,
      "22,1002": 74.26667351300719,
      "22,1003": 3.406815449811564,
      "22,1004": 2.5782198530002276,
      "22,1005": 46.17730000842662,
      "22,1006": 73.06172011941544,
      "22,1007": 71.67060542431304,
      "22,1008": 34.650719054591555,
      "22,1009": 18.699155168592753,
      "23,1": 63.90618123468183,
      "23,2": 42.95346318982906,
      "23,3": 60.01666435249463,
      "23,4": 54.48853090330111,
      "23,5": 58.412327466040935,
      "23,6": 12.041594578792296,
      "23,7": 68.0294054067798,
      "23,8": 93.30058949438637,
      "23,9": 42.579337712087536,
      "23,10": 48.16637831516918,
      "23,11": 45.65084884205331,
      "23,12": 48.27007354458868,
      "23,13": 88.50988645343524,
      "23,14": 15.0,
      "23,15": 23.53720459187964,
      "23,16": 39.11521443121589,
      "23,17": 36.05551275463989,
      "23,18": 53.16013544000805,
      "23,19": 48.507731342539614,
      "23,20": 18.384776310850235,
      "23,21": 16.1245154965971,
      "23,22": 77.17512552629896,
      "23,23": 0.0,
      "23,24": 84.72307831990054,
      "23,25": 90.0,
      "23,1000": 49.10599091469431,
      "23,1001": 67.77629347477118,
      "23,1002": 22.230174406157538,
      "23,1003": 76.86421300085857,
      "23,1004": 76.81030336074564,
      "23,1005": 52.03293110632049,
      "23,1006": 34.30142762879801,
      "23,1007": 15.49967078344238,
      "23,1008": 68.63462185981241,
      "23,1009": 65.04563584893732,
      "24,1": 24.698178070456937,
      "24,2": 55.14526271584895,
      "24,3": 34.92849839314596,
      "24,4": 36.124783736376884,
      "24,5": 37.12142238654117,
      "24,6": 73.35529974037323,
      "24,7": 18.601075237738275,
      "24,8": 19.209372712298546,
      "24,9": 66.007575322837,
      "24,10": 41.593268686170845,
      "24,11": 51.088159097779204,
      "24,12": 62.12889826803627,
      "24,13": 4.47213595499958,
      "24,14": 87.66413177577246,
      "24,15": 62.80127387243033,
      "24,16": 52.49761899362675,
      "24,17": 71.34423592694787,
      "24,18": 35.608987629529715,
      "24,19": 61.1310068623117,
      "24,20": 84.11896337925236,
      "24,21": 75.96051605933177,
      "24,22": 7.615773105863909,
      "24,23": 84.72307831990054,
      "24,24": 0.0,
      "24,25": 46.238512086787566,
      "24,1000": 42.93568551174381,
      "24,1001": 17.828667538310068,
      "24,1002": 81.8025818977742,
      "24,1003": 8.259983656057125,
      "24,1004": 8.085549318233952,
      "24,1005": 52.7304312556913,
      "24,1006": 80.33201232300354,
      "24,1007": 79.27590758871332,
      "24,1008": 37.84442827641122,
      "24,1009": 24.140618494053694,
      "25,1": 37.20215047547655,
      "25,2": 81.88406438373708,
      "25,3": 32.89376840679705,
      "25,4": 66.40030120413611,
      "25,5": 70.9365914038728,
      "25,6": 82.49242389456137,
      "25,7": 39.59797974644666,
      "25,8": 31.064449134018133,
      "25,9": 93.02150289046077,
      "25,10": 68.26419266350405,
      "25,11": 78.89233169326408,
      "25,12": 91.92388155425118,
      "25,13": 49.33558553417604,
      "25,14": 99.72462083156798,
      "25,15": 67.1863081289633,
      "25,16": 51.088159097779204,
      "25,17": 95.0789145920377,
      "25,18": 41.78516483155236,
      "25,19": 91.0659101969557,
      "25,20": 98.47842403288143,
      "25,21": 89.44271909999159,
      "25,22": 46.647615158762406,
      "25,23": 90.0,
      "25,24": 46.238512086787566,
      "25,25": 0.0,
      "25,1000": 71.13475042358391,
      "25,1001": 41.9265340092274,
      "25,1002": 98.27295941776387,
      "25,1003": 43.26258472184695,
      "25,1004": 44.1017182179007,
      "25,1005": 84.37435048100551,
      "25,1006": 102.45742981051353,
      "25,1007": 92.62827659017147,
      "25,1008": 22.254396264759997,
      "25,1009": 36.15701979055546,
      "1000,1": 34.06463816577655,
      "1000,2": 12.289531830157854,
      "1000,3": 39.867110242488216,
      "1000,4": 6.848604884745638,
      "1000,5": 9.306378909831375,
      "1000,6": 37.09510793248322,
      "1000,7": 33.45738611101676,
      "1000,8": 58.22078963145137,
      "1000,9": 23.523688034215937,
      "1000,10": 3.161186319753463,
      "1000,11": 8.39311184933455,
      "1000,12": 21.012684306801034,
      "1000,13": 45.48726819465144,
      "1000,14": 47.474147846048396,
      "1000,15": 34.434703799209736,
      "1000,16": 36.705038587099054,
      "1000,17": 28.40906500123425,
      "1000,18": 31.44358304913011,
      "1000,19": 20.098843397919126,
      "1000,20": 43.117311006613576,
      "1000,21": 36.23932433929192,
      "1000,22": 35.7406058904212,
      "1000,23": 49.10599091469431,
      "1000,24": 42.93568551174381,
      "1000,25": 71.13475042358391,
      "1000,1000": 0.0,
      "1000,1001": 31.66370490056703,
      "1000,1002": 40.082136249911336,
      "1000,1003": 37.181260448472436,
      "1000,1004": 36.70159151235748,
      "1000,1005": 13.418537197078516,
      "1000,1006": 37.40757317537741,
      "1000,1007": 39.22319022170019,
      "1000,1008": 50.575761421646575,
      "1000,1009": 35.19328440732955,
      "1001,1": 8.077427073542317,
      "1001,2": 43.68274457174476,
      "1001,3": 19.122768845137607,
      "1001,4": 25.757150344210984,
      "1001,5": 29.452234851564384,
      "1001,6": 56.79610377797453,
      "1001,7": 2.3920246488619576,
      "1001,8": 27.262434617526175,
      "1001,9": 55.068377592195944,
      "1001,10": 29.365145085609186,
      "1001,11": 40.01328209956692,
      "1001,12": 52.564910474191024,
      "1001,13": 22.147388655370836,
      "1001,14": 72.04994255296057,
      "1001,15": 45.30455189458776,
      "1001,16": 34.70634177510743,
      "1001,17": 59.05569952976043,
      "1001,18": 17.928014206315385,
      "1001,19": 51.61938605270344,
      "1001,20": 68.99822764253682,
      "1001,21": 60.4091093265762,
      "1001,22": 11.255029520418892,
      "1001,23": 67.77629347477118,
      "1001,24": 17.828667538310068,
      "1001,25": 41.9265340092274,
      "1001,1000": 31.66370490056703,
      "1001,1001": 0.0,
      "1001,1002": 67.21604009706678,
      "1001,1003": 9.570708132406109,
      "1001,1004": 9.795497729095691,
      "1001,1005": 44.016825689856184,
      "1001,1006": 67.63230277096272,
      "1001,1007": 63.779880981708885,
      "1001,1008": 25.774343220118666,
      "1001,1009": 8.140507481839942,
      "1002,1": 65.91020172476956,
      "1002,2": 29.669125086460127,
      "1002,3": 65.74052644957727,
      "1002,4": 46.75349879510661,
      "1002,5": 48.57884883424118,
      "1002,6": 18.653421792878547,
      "1002,7": 68.22474667715822,
      "1002,8": 94.39403549535591,
      "1002,9": 24.283776768266737,
      "1002,10": 40.61106519099936,
      "1002,11": 33.52099839132413,
      "1002,12": 30.65380496303229,
      "1002,13": 84.85191203203328,
      "1002,14": 9.924819834378738,
      "1002,15": 33.25099797284951,
      "1002,16": 48.54276334298221,
      "1002,17": 16.576911144173962,
      "1002,18": 57.26994421680107,
      "1002,19": 31.21652201116926,
      "1002,20": 4.563443634044927,
      "1002,21": 9.593018761290155,
      "1002,22": 74.26667351300719,
      "1002,23": 22.230174406157538,
      "1002,24": 81.8025818977742,
      "1002,25": 98.27295941776387,
      "1002,1000": 40.082136249911336,
      "1002,1001": 67.21604009706678,
      "1002,1002": 0.0,
      "1002,1003": 74.9474424653492,
      "1002,1004": 74.65387969432273,
      "1002,1005": 37.332604419141994,
      "1002,1006": 12.224656284550305,
      "1002,1007": 7.536531363389189,
      "1002,1008": 76.02891034772907,
      "1002,1009": 67.15174668419665,
      "1003,1": 16.65227789832341,
      "1003,2": 49.46911920068885,
      "1003,3": 27.240906306433676,
      "1003,4": 30.581730082442192,
      "1003,5": 32.71432039721428,
      "1003,6": 65.65069459380067,
      "1003,7": 10.427577377880496,
      "1003,8": 21.40594769279055,
      "1003,9": 60.63914489557461,
      "1003,10": 35.436324327868526,
      "1003,11": 45.530043730190705,
      "1003,12": 57.32062203046109,
      "1003,13": 12.62081599625553,
      "1003,14": 80.38048834585487,
      "1003,15": 54.69473781543694,
      "1003,16": 44.24413884297886,
      "1003,17": 65.43102029118408,
      "1003,18": 27.37918469021175,
      "1003,19": 56.33652632892623,
      "1003,20": 77.040701874457,
      "1003,21": 68.68358590513807,
      "1003,22": 3.406815449811564,
      "1003,23": 76.86421300085857,
      "1003,24": 8.259983656057125,
      "1003,25": 43.26258472184695,
      "1003,1000": 37.181260448472436,
      "1003,1001": 9.570708132406109,
      "1003,1002": 74.9474424653492,
      "1003,1003": 0.0,
      "1003,1004": 0.8393247301166835,
      "1003,1005": 48.18794432548467,
      "1003,1006": 74.2802505604555,
      "1003,1007": 72.02883926022226,
      "1003,1008": 31.48728748153022,
      "1003,1009": 16.2141477775323,
      "1004,1": 17.097643567691044,
      "1004,2": 48.9911226480645,
      "1004,3": 27.780063171240467,
      "1004,4": 30.066449188108056,
      "1004,5": 32.08726651724281,
      "1004,6": 65.54591592855628,
      "1004,7": 10.821368501657854,
      "1004,8": 22.043497322353122,
      "1004,9": 60.13178210401401,
      "1004,10": 35.00857427180026,
      "1004,11": 45.03481866527491,
      "1004,12": 56.753340127394665,
      "1004,13": 12.352971589910812,
      "1004,14": 80.1724742400628,
      "1004,15": 54.745026867886615,
      "1004,16": 44.50144647401544,
      "1004,17": 64.99144038571829,
      "1004,18": 27.683582247914877,
      "1004,19": 55.767362443639065,
      "1004,20": 76.7894642888967,
      "1004,21": 68.47159491232271,
      "1004,22": 2.5782198530002276,
      "1004,23": 76.81030336074564,
      "1004,24": 8.085549318233952,
      "1004,25": 44.1017182179007,
      "1004,1000": 36.70159151235748,
      "1004,1001": 9.795497729095691,
      "1004,1002": 74.65387969432273,
      "1004,1003": 0.8393247301166835,
      "1004,1004": 0.0,
      "1004,1005": 47.58991975325305,
      "1004,1006": 73.8621582414349,
      "1004,1007": 71.81117648807746,
      "1004,1008": 32.210517683972846,
      "1004,1009": 16.708506974969126,
      "1005,1": 47.2022564062474,
      "1005,2": 9.17297562803542,
      "1005,3": 53.28467569039455,
      "1005,4": 18.270901382138273,
      "1005,5": 15.616305882174716,
      "1005,6": 40.787989712994474,
      "1005,7": 46.001626984816106,
      "1005,8": 69.57473596031926,
      "1005,9": 14.696183392302554,
      "1005,10": 16.503413609435157,
      "1005,11": 7.9723472528324875,
      "1005,12": 9.527153273693242,
