{
  "metadata": {
    "source": "Mankowska HCSRP",
    "seed": 1,
    "sigma": 0.15
  },
  "parameters": {
    "p": 5
  },
  "sets": {
    "customers": [
      1,
      2,
      3,
      4,
      5,
      6,
      7,
      8,
      9,
      10,
      11,
      12,
      13,
      14,
      15,
      16,
      17,
      18,
      19,
      20,
      21,
      22,
      23,
      24,
      25
    ],
    "facilities": [
      1000,
      1001,
      1002,
      1003,
      1004,
      1005,
      1006,
      1007,
      1008,
      1009
    ],
    "vehicles": [
      0,
      1,
      2,
      3,
      4
    ]
  },
  "coordinates": {
    "customers": {
      "1": {
        "x": 47.0,
        "y": 33.0
      },
      "2": {
        "x": 54.0,
        "y": 26.0
      },
      "3": {
        "x": 34.0,
        "y": 5.0
      },
      "4": {
        "x": 78.0,
        "y": 36.0
      },
      "5": {
        "x": 69.0,
        "y": 45.0
      },
      "6": {
        "x": 17.0,
        "y": 8.0
      },
      "7": {
        "x": 62.0,
        "y": 29.0
      },
      "8": {
        "x": 92.0,
        "y": 4.0
      },
      "9": {
        "x": 96.0,
        "y": 34.0
      },
      "10": {
        "x": 76.0,
        "y": 0.0
      },
      "11": {
        "x": 10.0,
        "y": 1.0
      },
      "12": {
        "x": 74.0,
        "y": 36.0
      },
      "13": {
        "x": 98.0,
        "y": 33.0
      },
      "14": {
        "x": 37.0,
        "y": 48.0
      },
      "15": {
        "x": 5.0,
        "y": 46.0
      },
      "16": {
        "x": 0.0,
        "y": 8.0
      },
      "17": {
        "x": 63.0,
        "y": 14.0
      },
      "18": {
        "x": 89.0,
        "y": 15.0
      },
      "19": {
        "x": 75.0,
        "y": 28.0
      },
      "20": {
        "x": 15.0,
        "y": 9.0
      },
      "21": {
        "x": 77.0,
        "y": 16.0
      },
      "22": {
        "x": 77.0,
        "y": 15.0
      },
      "23": {
        "x": 20.0,
        "y": 8.0
      },
      "24": {
        "x": 0.0,
        "y": 22.0
      },
      "25": {
        "x": 0.0,
        "y": 0.0
      }
    },
    "facilities": {
      "1000": {
        "x": 84.7153020783974,
        "y": 34.65534135810107
      },
      "1001": {
        "x": 82.24560164915884,
        "y": 5.042121067022213
      },
      "1002": {
        "x": 13.907743881096028,
        "y": 13.430800646815651
      },
      "1003": {
        "x": 56.57524442540905,
        "y": 37.90541391107845
      },
      "1004": {
        "x": 106.02854915222967,
        "y": 23.61179966067107
      },
      "1005": {
        "x": 64.50891721986922,
        "y": 36.82824945586993
      },
      "1006": {
        "x": 71.78298325557022,
        "y": 11.624084753764249
      },
      "1007": {
        "x": 9.331987942612267,
        "y": 7.442331511654347
      },
      "1008": {
        "x": 24.580815751497358,
        "y": -0.566166674539299
      },
      "1009": {
        "x": 45.75775187301144,
        "y": 32.916244827637016
      }
    }
  },
  "time_windows": {
    "e": {
      "1": 345.0,
      "2": 268.0,
      "3": 247.0,
      "4": 393.0,
      "5": 254.0,
      "6": 184.0,
      "7": 434.0,
      "8": 46.0,
      "9": 298.0,
      "10": 148.0,
      "11": 409.0,
      "12": 73.0,
      "13": 157.0,
      "14": 63.0,
      "15": 282.0,
      "16": 274.0,
      "17": 152.0,
      "18": 222.0,
      "19": 276.0,
      "20": 29.0,
      "21": 416.0,
      "22": 332.0,
      "23": 190.0,
      "24": 59.0,
      "25": 434.0
    },
    "l": {
      "1": 465.0,
      "2": 388.0,
      "3": 367.0,
      "4": 513.0,
      "5": 374.0,
      "6": 304.0,
      "7": 554.0,
      "8": 166.0,
      "9": 418.0,
      "10": 268.0,
      "11": 529.0,
      "12": 193.0,
      "13": 277.0,
      "14": 183.0,
      "15": 402.0,
      "16": 394.0,
      "17": 272.0,
      "18": 342.0,
      "19": 396.0,
      "20": 149.0,
      "21": 536.0,
      "22": 452.0,
      "23": 310.0,
      "24": 179.0,
      "25": 554.0
    }
  },
  "travel_time": {
    "matrix": {
      "1,1": 0.0,
      "1,2": 9.899494936611665,
      "1,3": 30.870698080866262,
      "1,4": 31.144823004794873,
      "1,5": 25.059928172283335,
      "1,6": 39.05124837953327,
      "1,7": 15.524174696260024,
      "1,8": 53.53503525729669,
      "1,9": 49.01020301937138,
      "1,10": 43.93176527297759,
      "1,11": 48.91829923454004,
      "1,12": 27.16615541441225,
      "1,13": 51.0,
      "1,14": 18.027756377319946,
      "1,15": 43.965895873961216,
      "1,16": 53.23532661682466,
      "1,17": 24.839484696748443,
      "1,18": 45.69463863518345,
      "1,19": 28.442925306655784,
      "1,20": 40.0,
      "1,21": 34.48187929913333,
      "1,22": 34.9857113690718,
      "1,23": 36.796738985948195,
      "1,24": 48.27007354458868,
      "1,25": 57.42821606144492,
      "1,1000": 37.75161143417069,
      "1,1001": 44.987725326384655,
      "1,1002": 38.44542857562923,
      "1,1003": 10.75864263954004,
      "1,1004": 59.770460267832725,
      "1,1005": 17.92254658547722,
      "1,1006": 32.72806153227116,
      "1,1007": 45.520034610220634,
      "1,1008": 40.36467970381112,
      "1,1009": 1.2450684069175195,
      "2,1": 9.899494936611665,
      "2,2": 0.0,
      "2,3": 29.0,
      "2,4": 26.0,
      "2,5": 24.20743687382041,
      "2,6": 41.14608122288197,
      "2,7": 8.54400374531753,
      "2,8": 43.9089968002003,
      "2,9": 42.7551166528639,
      "2,10": 34.058772731852805,
      "2,11": 50.60632371551998,
      "2,12": 22.360679774997898,
      "2,13": 44.553338819890925,
      "2,14": 27.80287754891569,
      "2,15": 52.92447448959697,
      "2,16": 56.92099788303083,
      "2,17": 15.0,
      "2,18": 36.68787265568828,
      "2,19": 21.095023109728988,
      "2,20": 42.5440947723653,
      "2,21": 25.079872407968907,
      "2,22": 25.495097567963924,
      "2,23": 38.47076812334269,
      "2,24": 54.147945482723536,
      "2,25": 59.93329625508679,
      "2,1000": 31.91151384363422,
      "2,1001": 35.17167470980475,
      "2,1002": 42.01635125857412,
      "2,1003": 12.180753845501544,
      "2,1004": 52.08333157303544,
      "2,1005": 15.089344830462693,
      "2,1006": 22.86703812553878,
      "2,1007": 48.36960162004927,
      "2,1008": 39.638991077306045,
      "2,1009": 10.759604858109899,
      "3,1": 30.870698080866262,
      "3,2": 29.0,
      "3,3": 0.0,
      "3,4": 53.823786563191554,
      "3,5": 53.150729063673246,
      "3,6": 17.26267650163207,
      "3,7": 36.87817782917155,
      "3,8": 58.008620049092706,
      "3,9": 68.4470598345904,
      "3,10": 42.2965719651132,
      "3,11": 24.331050121192877,
      "3,12": 50.60632371551998,
      "3,13": 69.85699678629192,
      "3,14": 43.104524124504614,
      "3,15": 50.21951811795888,
      "3,16": 34.132096331752024,
      "3,17": 30.364452901377952,
      "3,18": 55.90169943749474,
      "3,19": 47.01063709417264,
      "3,20": 19.4164878389476,
      "3,21": 44.384682042344295,
      "3,22": 44.14748010928823,
      "3,23": 14.317821063276353,
      "3,24": 38.01315561749642,
      "3,25": 34.36568055487916,
      "3,1000": 58.74930753607739,
      "3,1001": 48.24562003616085,
      "3,1002": 21.7893817143576,
      "3,1003": 39.904986223858764,
      "3,1004": 74.39429399882845,
      "3,1005": 44.08890442451385,
      "3,1006": 38.3592534144729,
      "3,1007": 24.788622431999855,
      "3,1008": 10.940897739947676,
      "3,1009": 30.29127686948628,
      "4,1": 31.144823004794873,
      "4,2": 26.0,
      "4,3": 53.823786563191554,
      "4,4": 0.0,
      "4,5": 12.727922061357855,
      "4,6": 67.11929677819934,
      "4,7": 17.46424919657298,
      "4,8": 34.92849839314596,
      "4,9": 18.110770276274835,
      "4,10": 36.05551275463989,
      "4,11": 76.47875521999558,
      "4,12": 4.0,
      "4,13": 20.223748416156685,
      "4,14": 42.720018726587654,
      "4,15": 73.68174807915459,
      "4,16": 82.87339742040264,
      "4,17": 26.627053911388696,
      "4,18": 23.706539182259394,
      "4,19": 8.54400374531753,
      "4,20": 68.54195795277518,
      "4,21": 20.024984394500787,
      "4,22": 21.02379604162864,
      "4,23": 64.40496875241847,
      "4,24": 79.2464510246358,
      "4,25": 85.90692637965812,
      "4,1000": 6.8486048847456455,
      "4,1001": 31.247646333640077,
      "4,1002": 67.94987898337244,
      "4,1003": 21.509317832127945,
      "4,1004": 30.64420133118669,
      "4,1005": 13.516482964939147,
      "4,1006": 25.156242590899556,
      "4,1007": 74.36959263975967,
      "4,1008": 64.73556820671045,
      "4,1009": 32.38938267774446,
      "5,1": 25.059928172283335,
      "5,2": 24.20743687382041,
      "5,3": 53.150729063673246,
      "5,4": 12.727922061357855,
      "5,5": 0.0,
      "5,6": 63.8200595424354,
      "5,7": 17.46424919657298,
      "5,8": 47.01063709417264,
      "5,9": 29.154759474226502,
      "5,10": 45.5411901469428,
      "5,11": 73.60027173862879,
      "5,12": 10.295630140987,
      "5,13": 31.38470965295043,
      "5,14": 32.14031735997639,
      "5,15": 64.00781202322104,
      "5,16": 78.29431652425353,
      "5,17": 31.575306807693888,
      "5,18": 36.05551275463989,
      "5,19": 18.027756377319946,
      "5,20": 64.89992295835181,
      "5,21": 30.083217912982647,
      "5,22": 31.04834939252005,
      "5,23": 61.40032573203501,
      "5,24": 72.73238618387272,
      "5,25": 82.37718130647589,
      "5,1000": 18.814427491494282,
      "5,1001": 42.09605743856198,
      "5,1002": 63.49622848698974,
      "5,1003": 14.307609963283456,
      "5,1004": 42.76176523571447,
      "5,1005": 9.324555297357474,
      "5,1006": 33.49174098676711,
      "5,1007": 70.50425607834636,
      "5,1008": 63.63442051841378,
      "5,1009": 26.195786628045973,
      "6,1": 39.05124837953327,
      "6,2": 41.14608122288197,
      "6,3": 17.26267650163207,
      "6,4": 67.11929677819934,
      "6,5": 63.8200595424354,
      "6,6": 0.0,
      "6,7": 49.658836071740545,
      "6,8": 75.1065909225016,
      "6,9": 83.16850365372699,
      "6,10": 59.53990258641679,
      "6,11": 9.899494936611665,
      "6,12": 63.50590523722971,
      "6,13": 84.77027781009096,
      "6,14": 44.721359549995796,
      "6,15": 39.84971769034255,
      "6,16": 17.0,
      "6,17": 46.389654018972806,
      "6,18": 72.3394774656273,
      "6,19": 61.35144660071187,
      "6,20": 2.23606797749979,
      "6,21": 60.530983801686226,
      "6,22": 60.40695324215582,
      "6,23": 3.0,
      "6,24": 22.02271554554524,
      "6,25": 18.788294228055936,
      "6,1000": 72.77272400072368,
      "6,1001": 65.31261426663974,
      "6,1002": 6.249451461556634,
      "6,1003": 49.603767523483484,
      "6,1004": 90.38700599530833,
      "6,1005": 55.57126219633895,
      "6,1006": 54.90272529376436,
      "6,1007": 7.688263981884166,
      "6,1008": 11.438880144233444,
      "6,1009": 38.05032915889745,
      "7,1": 15.524174696260024,
      "7,2": 8.54400374531753,
      "7,3": 36.87817782917155,
      "7,4": 17.46424919657298,
      "7,5": 17.46424919657298,
      "7,6": 49.658836071740545,
      "7,7": 0.0,
      "7,8": 39.05124837953327,
      "7,9": 34.36568055487916,
      "7,10": 32.202484376209235,
      "7,11": 59.0592922409336,
      "7,12": 13.892443989449804,
      "7,13": 36.22154055254967,
      "7,14": 31.400636936215164,
      "7,15": 59.481089431852205,
      "7,16": 65.45991139621256,
      "7,17": 15.033296378372908,
      "7,18": 30.4138126514911,
      "7,19": 13.038404810405298,
      "7,20": 51.07837115648854,
      "7,21": 19.849433241279208,
      "7,22": 20.518284528683193,
      "7,23": 46.95742752749558,
      "7,24": 62.39390995922599,
      "7,25": 68.4470598345904,
      "7,1000": 23.40871278796623,
      "7,1001": 31.36661201187728,
      "7,1002": 50.54962974251595,
      "7,1003": 10.427577377880496,
      "7,1004": 44.35702698949794,
      "7,1005": 8.220471711494671,
      "7,1006": 19.940641715429702,
      "7,1007": 56.90916063983505,
      "7,1008": 47.69018307419282,
      "7,1009": 16.707710727944058,
      "8,1": 53.53503525729669,
      "8,2": 43.9089968002003,
      "8,3": 58.008620049092706,
      "8,4": 34.92849839314596,
      "8,5": 47.01063709417264,
      "8,6": 75.1065909225016,
      "8,7": 39.05124837953327,
      "8,8": 0.0,
      "8,9": 30.265491900843113,
      "8,10": 16.492422502470642,
      "8,11": 82.05485969764375,
      "8,12": 36.71511950137164,
      "8,13": 29.614185789921695,
      "8,14": 70.43436661176133,
      "8,15": 96.60745312862771,
      "8,16": 92.0869154657707,
      "8,17": 30.675723300355934,
      "8,18": 11.40175425099138,
      "8,19": 29.410882339705484,
      "8,20": 77.1621668954417,
      "8,21": 19.209372712298546,
      "8,22": 18.601075237738275,
      "8,23": 72.11102550927978,
      "8,24": 93.74433316206373,
      "8,25": 92.0869154657707,
      "8,1000": 31.50899518535466,
      "8,1001": 9.809908435109076,
      "8,1002": 78.65964954524317,
      "8,1003": 49.03560339183219,
      "8,1004": 24.112711943015075,
      "8,1005": 42.81884625676908,
      "8,1006": 21.60681453563053,
      "8,1007": 82.73965109762388,
      "8,1008": 67.57363600423778,
      "8,1009": 54.538928544387645,
      "9,1": 49.01020301937138,
      "9,2": 42.7551166528639,
      "9,3": 68.4470598345904,
      "9,4": 18.110770276274835,
      "9,5": 29.154759474226502,
      "9,6": 83.16850365372699,
      "9,7": 34.36568055487916,
      "9,8": 30.265491900843113,
      "9,9": 0.0,
      "9,10": 39.44616584663204,
      "9,11": 92.11405973031478,
      "9,12": 22.090722034374522,
      "9,13": 2.23606797749979,
      "9,14": 60.63827174318213,
      "9,15": 91.7877987534291,
      "9,16": 99.45853407325085,
      "9,17": 38.58756276314948,
      "9,18": 20.248456731316587,
      "9,19": 21.840329667841555,
      "9,20": 84.77027781009096,
      "9,21": 26.1725046566048,
      "9,22": 26.870057685088806,
      "9,23": 80.32434251209281,
      "9,24": 96.74709297958259,
      "9,25": 101.84301645179212,
      "9,1000": 11.303710871986235,
      "9,1001": 32.058418961181175,
      "9,1002": 84.62996205081724,
      "9,1003": 39.6177183837369,
      "9,1004": 14.439061755831649,
      "9,1005": 31.61783183030864,
      "9,1006": 32.97188928628018,
      "9,1007": 90.64576145367401,
      "9,1008": 79.34431143625609,
      "9,1009": 50.25393538945491,
      "10,1": 43.93176527297759,
      "10,2": 34.058772731852805,
      "10,3": 42.2965719651132,
      "10,4": 36.05551275463989,
      "10,5": 45.5411901469428,
      "10,6": 59.53990258641679,
      "10,7": 32.202484376209235,
      "10,8": 16.492422502470642,
      "10,9": 39.44616584663204,
      "10,10": 0.0,
      "10,11": 66.007575322837,
      "10,12": 36.05551275463989,
      "10,13": 39.66106403010388,
      "10,14": 61.84658438426491,
      "10,15": 84.59905436823747,
      "10,16": 76.4198926981712,
      "10,17": 19.1049731745428,
      "10,18": 19.849433241279208,
      "10,19": 28.0178514522438,
      "10,20": 61.66036003787198,
      "10,21": 16.0312195418814,
      "10,22": 15.033296378372908,
      "10,23": 56.568542494923804,
      "10,24": 79.12016177940993,
      "10,25": 76.0,
      "10,1000": 35.734425628016304,
      "10,1001": 8.026862700612543,
      "10,1002": 63.528219524476455,
      "10,1003": 42.59274037794213,
      "10,1004": 38.19988020142917,
      "10,1005": 38.579333087076584,
      "10,1006": 12.365378141629783,
      "10,1007": 67.08212973671422,
      "10,1008": 51.42230112980964,
      "10,1009": 44.69980699429566,
      "11,1": 48.91829923454004,
      "11,2": 50.60632371551998,
      "11,3": 24.331050121192877,
      "11,4": 76.47875521999558,
      "11,5": 73.60027173862879,
      "11,6": 9.899494936611665,
      "11,7": 59.0592922409336,
      "11,8": 82.05485969764375,
      "11,9": 92.11405973031478,
      "11,10": 66.007575322837,
      "11,11": 0.0,
      "11,12": 72.94518489934754,
      "11,13": 93.637599285757,
      "11,14": 54.20332093147061,
      "11,15": 45.27692569068709,
      "11,16": 12.206555615733702,
      "11,17": 54.57105459856901,
      "11,18": 80.23091673413684,
      "11,19": 70.3846574190711,
      "11,20": 9.433981132056603,
      "11,21": 68.65857557508748,
      "11,22": 68.4470598345904,
      "11,23": 12.206555615733702,
      "11,24": 23.259406699226016,
      "11,25": 10.04987562112089,
      "11,1000": 81.94545970703004,
      "11,1001": 72.35859106125137,
      "11,1002": 13.030551291526995,
      "11,1003": 59.42443074388361,
      "11,1004": 98.65483128654427,
      "11,1005": 65.22948348373302,
      "11,1006": 62.689777450659655,
      "11,1007": 6.476872348199397,
      "11,1008": 14.664687723628859,
      "11,1009": 47.92977678760376,
      "12,1": 27.16615541441225,
      "12,2": 22.360679774997898,
      "12,3": 50.60632371551998,
      "12,4": 4.0,
      "12,5": 10.295630140987,
      "12,6": 63.50590523722971,
      "12,7": 13.892443989449804,
      "12,8": 36.71511950137164,
      "12,9": 22.090722034374522,
      "12,10": 36.05551275463989,
      "12,11": 72.94518489934754,
      "12,12": 0.0,
      "12,13": 24.186773244895647,
      "12,14": 38.897300677553446,
      "12,15": 69.72087205421343,
      "12,16": 79.12016177940993,
      "12,17": 24.596747752497688,
      "12,18": 25.80697580112788,
      "12,19": 8.06225774829855,
      "12,20": 64.88451279003334,
      "12,21": 20.223748416156685,
      "12,22": 21.213203435596427,
      "12,23": 60.8276253029822,
      "12,24": 75.31268153505093,
      "12,25": 82.29216244576394,
      "12,1000": 10.799342826975218,
      "12,1001": 32.037169266112144,
      "12,1002": 64.19071587779442,
      "12,1003": 17.52862541692216,
      "12,1004": 34.34087169021983,
      "12,1005": 9.527153273693242,
      "12,1006": 24.47652768136752,
      "12,1007": 70.69294316227536,
      "12,1008": 61.476339489738976,
      "12,1009": 28.41010604044737,
      "13,1": 51.0,
      "13,2": 44.553338819890925,
      "13,3": 69.85699678629192,
      "13,4": 20.223748416156685,
      "13,5": 31.38470965295043,
      "13,6": 84.77027781009096,
      "13,7": 36.22154055254967,
      "13,8": 29.614185789921695,
      "13,9": 2.23606797749979,
      "13,10": 39.66106403010388,
      "13,11": 93.637599285757,
      "13,12": 24.186773244895647,
      "13,13": 0.0,
      "13,14": 62.81719509815764,
      "13,15": 93.90420650854784,
      "13,16": 101.13851887386922,
      "13,17": 39.824615503479755,
      "13,18": 20.12461179749811,
      "13,19": 23.53720459187964,
      "13,20": 86.40023148117139,
      "13,21": 27.018512172212592,
      "13,22": 27.65863337187866,
      "13,23": 81.9084855189009,
      "13,24": 98.6154146165801,
      "13,25": 103.40696301506973,
      "13,1000": 13.3874326844273,
      "13,1001": 32.091183552932876,
      "13,1002": 86.33922111353573,
      "13,1003": 41.71418775493064,
      "13,1004": 12.35297158991081,
      "13,1005": 33.709169667642975,
      "13,1006": 33.826937780295246,
      "13,1007": 92.27789974186253,
      "13,1008": 80.72833555164216,
      "13,1009": 52.24231526541236,
      "14,1": 18.027756377319946,
      "14,2": 27.80287754891569,
      "14,3": 43.104524124504614,
      "14,4": 42.720018726587654,
      "14,5": 32.14031735997639,
      "14,6": 44.721359549995796,
      "14,7": 31.400636936215164,
      "14,8": 70.43436661176133,
      "14,9": 60.63827174318213,
      "14,10": 61.84658438426491,
      "14,11": 54.20332093147061,
      "14,12": 38.897300677553446,
      "14,13": 62.81719509815764,
      "14,14": 0.0,
      "14,15": 32.0624390837628,
      "14,16": 54.48853090330111,
      "14,17": 42.80186911806539,
      "14,18": 61.587336360651285,
      "14,19": 42.941821107167776,
      "14,20": 44.77722635447622,
      "14,21": 51.22499389946279,
      "14,22": 51.85556864985669,
      "14,23": 43.46262762420146,
      "14,24": 45.221676218380054,
      "14,25": 60.60528029800704,
      "14,1000": 49.54624069191853,
      "14,1001": 62.39025429516009,
      "14,1002": 41.57260921064805,
      "14,1003": 22.024778378479922,
      "14,1004": 73.21014215156963,
      "14,1005": 29.6908830591124,
      "14,1006": 50.329545340273086,
      "14,1007": 49.09626629814429,
      "14,1008": 50.12892062330275,
      "14,1009": 17.441843020994728,
      "15,1": 43.965895873961216,
      "15,2": 52.92447448959697,
      "15,3": 50.21951811795888,
      "15,4": 73.68174807915459,
      "15,5": 64.00781202322104,
      "15,6": 39.84971769034255,
      "15,7": 59.481089431852205,
      "15,8": 96.60745312862771,
      "15,9": 91.7877987534291,
      "15,10": 84.59905436823747,
      "15,11": 45.27692569068709,
      "15,12": 69.72087205421343,
      "15,13": 93.90420650854784,
      "15,14": 32.0624390837628,
      "15,15": 0.0,
      "15,16": 38.3275357934736,
      "15,17": 66.24198064671678,
      "15,18": 89.5377015563835,
      "15,19": 72.27724399837061,
      "15,20": 38.3275357934736,
      "15,21": 78.0,
      "15,22": 78.39005038906404,
      "15,23": 40.85339643163099,
      "15,24": 24.515301344262525,
      "15,25": 46.2709412050371,
      "15,1000": 80.51851131976647,
      "15,1001": 87.43243574800485,
      "15,1002": 33.765376461083136,
      "15,1003": 52.20659116904349,
      "15,1004": 103.47946297811183,
      "15,1005": 60.21156231758978,
      "15,1006": 75.1110537905717,
      "15,1007": 38.800256684616166,
      "15,1008": 50.51550479065869,
      "15,1009": 42.806296115785386,
      "16,1": 53.23532661682466,
      "16,2": 56.92099788303083,
      "16,3": 34.132096331752024,
      "16,4": 82.87339742040264,
      "16,5": 78.29431652425353,
      "16,6": 17.0,
      "16,7": 65.45991139621256,
      "16,8": 92.0869154657707,
      "16,9": 99.45853407325085,
      "16,10": 76.4198926981712,
      "16,11": 12.206555615733702,
      "16,12": 79.12016177940993,
      "16,13": 101.13851887386922,
      "16,14": 54.48853090330111,
      "16,15": 38.3275357934736,
      "16,16": 0.0,
      "16,17": 63.28506932918696,
      "16,18": 89.27485648266257,
      "16,19": 77.62087348130012,
      "16,20": 15.033296378372908,
      "16,21": 77.41446893184762,
      "16,22": 77.31752712031083,
      "16,23": 20.0,
      "16,24": 14.0,
      "16,25": 8.0,
      "16,1000": 88.8098509690846,
      "16,1001": 82.2987730067361,
      "16,1002": 14.930470037062374,
      "16,1003": 63.992906348967324,
      "16,1004": 107.17173845735503,
      "16,1005": 70.65740136439922,
      "16,1006": 71.87440904363625,
      "16,1007": 9.348635895356844,
      "16,1008": 26.03066872950152,
      "16,1009": 52.10173809752253,
      "17,1": 24.839484696748443,
      "17,2": 15.0,
      "17,3": 30.364452901377952,
      "17,4": 26.627053911388696,
      "17,5": 31.575306807693888,
      "17,6": 46.389654018972806,
      "17,7": 15.033296378372908,
      "17,8": 30.675723300355934,
      "17,9": 38.58756276314948,
      "17,10": 19.1049731745428,
      "17,11": 54.57105459856901,
      "17,12": 24.596747752497688,
      "17,13": 39.824615503479755,
      "17,14": 42.80186911806539,
      "17,15": 66.24198064671678,
      "17,16": 63.28506932918696,
      "17,17": 0.0,
      "17,18": 26.019223662515376,
      "17,19": 18.439088914585774,
      "17,20": 48.25971404805462,
      "17,21": 14.142135623730951,
      "17,22": 14.035668847618199,
      "17,23": 43.41658669218482,
      "17,24": 63.50590523722971,
      "17,25": 64.53681120105021,
      "17,1000": 29.969942792333303,
      "17,1001": 21.228207126745133,
      "17,1002": 49.09555579426441,
      "17,1003": 24.75371282157932,
      "17,1004": 44.08903191115361,
      "17,1005": 22.878063825329352,
      "17,1006": 9.098668480877972,
      "17,1007": 54.06716687782851,
      "17,1008": 41.08779538878733,
      "17,1009": 25.595301108831375,
      "18,1": 45.69463863518345,
      "18,2": 36.68787265568828,
      "18,3": 55.90169943749474,
      "18,4": 23.706539182259394,
      "18,5": 36.05551275463989,
      "18,6": 72.3394774656273,
      "18,7": 30.4138126514911,
      "18,8": 11.40175425099138,
      "18,9": 20.248456731316587,
      "18,10": 19.849433241279208,
      "18,11": 80.23091673413684,
      "18,12": 25.80697580112788,
      "18,13": 20.12461179749811,
      "18,14": 61.587336360651285,
      "18,15": 89.5377015563835,
      "18,16": 89.27485648266257,
      "18,17": 26.019223662515376,
      "18,18": 0.0,
      "18,19": 19.1049731745428,
      "18,20": 74.24284477308234,
      "18,21": 12.041594578792296,
      "18,22": 12.0,
      "18,23": 69.35416353759881,
      "18,24": 89.27485648266257,
      "18,25": 90.2551937563706,
      "18,1000": 20.116935158787584,
      "18,1001": 12.032508048020935,
      "18,1002": 75.10865007199308,
      "18,1003": 39.69915314600291,
      "18,1004": 19.082310646916852,
      "18,1005": 32.806792132893825,
      "18,1006": 17.54487017129915,
      "18,1007": 80.02568648975033,
      "18,1008": 66.27319853592454,
      "18,1009": 46.80687825309305,
      "19,1": 28.442925306655784,
      "19,2": 21.095023109728988,
      "19,3": 47.01063709417264,
      "19,4": 8.54400374531753,
      "19,5": 18.027756377319946,
      "19,6": 61.35144660071187,
      "19,7": 13.038404810405298,
      "19,8": 29.410882339705484,
      "19,9": 21.840329667841555,
      "19,10": 28.0178514522438,
      "19,11": 70.3846574190711,
      "19,12": 8.06225774829855,
      "19,13": 23.53720459187964,
      "19,14": 42.941821107167776,
      "19,15": 72.27724399837061,
      "19,16": 77.62087348130012,
      "19,17": 18.439088914585774,
      "19,18": 19.1049731745428,
      "19,19": 0.0,
      "19,20": 62.93647591023825,
      "19,21": 12.165525060596439,
      "19,22": 13.152946437965905,
      "19,23": 58.52349955359813,
      "19,24": 75.23961722390672,
      "19,25": 80.05623023850174,
      "19,1000": 11.776275432723345,
      "19,1001": 24.074113656779943,
      "19,1002": 62.80545619204264,
      "19,1003": 20.918624303075156,
      "19,1004": 31.337312659358957,
      "19,1005": 13.711338605498163,
      "19,1006": 16.688912393737287,
      "19,1007": 68.81064991152125,
      "19,1008": 57.949288336976295,
      "19,1009": 29.65263122769434,
      "20,1": 40.0,
      "20,2": 42.5440947723653,
      "20,3": 19.4164878389476,
      "20,4": 68.54195795277518,
      "20,5": 64.89992295835181,
      "20,6": 2.23606797749979,
      "20,7": 51.07837115648854,
      "20,8": 77.1621668954417,
      "20,9": 84.77027781009096,
      "20,10": 61.66036003787198,
      "20,11": 9.433981132056603,
      "20,12": 64.88451279003334,
      "20,13": 86.40023148117139,
      "20,14": 44.77722635447622,
      "20,15": 38.3275357934736,
      "20,16": 15.033296378372908,
      "20,17": 48.25971404805462,
      "20,18": 74.24284477308234,
      "20,19": 62.93647591023825,
      "20,20": 0.0,
      "20,21": 62.39390995922599,
      "20,22": 62.289646009589745,
      "20,23": 5.0990195135927845,
      "20,24": 19.849433241279208,
      "20,25": 17.4928556845359,
      "20,1000": 74.28606790026573,
      "20,1001": 67.3619755262972,
      "20,1002": 4.563443634044926,
      "20,1003": 50.63619162618052,
      "20,1004": 92.19382544445956,
      "20,1005": 56.7938760084394,
      "20,1006": 56.84358370297659,
      "20,1007": 5.878153774977119,
      "20,1008": 13.538965075263551,
      "20,1009": 38.96185399768873,
      "21,1": 34.48187929913333,
      "21,2": 25.079872407968907,
      "21,3": 44.384682042344295,
      "21,4": 20.024984394500787,
      "21,5": 30.083217912982647,
      "21,6": 60.530983801686226,
      "21,7": 19.849433241279208,
      "21,8": 19.209372712298546,
      "21,9": 26.1725046566048,
      "21,10": 16.0312195418814,
      "21,11": 68.65857557508748,
      "21,12": 20.223748416156685,
      "21,13": 27.018512172212592,
      "21,14": 51.22499389946279,
      "21,15": 78.0,
      "21,16": 77.41446893184762,
      "21,17": 14.142135623730951,
      "21,18": 12.041594578792296,
      "21,19": 12.165525060596439,
      "21,20": 62.39390995922599,
      "21,21": 0.0,
      "21,22": 1.0,
      "21,23": 57.55866572463264,
      "21,24": 77.23341245859851,
      "21,25": 78.64477096412705,
      "21,1000": 20.187809374674597,
      "21,1001": 12.148722046843297,
      "21,1002": 63.14454503351639,
      "21,1003": 29.950255406214037,
      "21,1004": 30.009934354436805,
      "21,1005": 24.286686155505567,
      "21,1006": 6.809250909894512,
      "21,1007": 68.20699044639922,
      "21,1008": 54.97461919437991,
      "21,1009": 35.5279806222768,
      "22,1": 34.9857113690718,
      "22,2": 25.495097567963924,
      "22,3": 44.14748010928823,
      "22,4": 21.02379604162864,
      "22,5": 31.04834939252005,
      "22,6": 60.40695324215582,
      "22,7": 20.518284528683193,
      "22,8": 18.601075237738275,
      "22,9": 26.870057685088806,
      "22,10": 15.033296378372908,
      "22,11": 68.4470598345904,
      "22,12": 21.213203435596427,
      "22,13": 27.65863337187866,
      "22,14": 51.85556864985669,
      "22,15": 78.39005038906404,
      "22,16": 77.31752712031083,
      "22,17": 14.035668847618199,
      "22,18": 12.0,
      "22,19": 13.152946437965905,
      "22,20": 62.289646009589745,
      "22,21": 1.0,
      "22,22": 0.0,
      "22,23": 57.42821606144492,
      "22,24": 77.31752712031083,
      "22,25": 78.44743462982075,
      "22,1000": 21.115357682606316,
      "22,1001": 11.255029520418896,
      "22,1002": 63.111767276660935,
      "22,1003": 30.689226557859193,
      "22,1004": 30.27903167670572,
      "22,1005": 25.14954519127067,
      "22,1006": 6.214021842689945,
      "22,1007": 68.08875243958067,
      "22,1008": 54.681591255357645,
      "22,1009": 36.01485661157282,
      "23,1": 36.796738985948195,
      "23,2": 38.47076812334269,
      "23,3": 14.317821063276353,
      "23,4": 64.40496875241847,
      "23,5": 61.40032573203501,
      "23,6": 3.0,
      "23,7": 46.95742752749558,
      "23,8": 72.11102550927978,
      "23,9": 80.32434251209281,
      "23,10": 56.568542494923804,
      "23,11": 12.206555615733702,
      "23,12": 60.8276253029822,
      "23,13": 81.9084855189009,
      "23,14": 43.46262762420146,
      "23,15": 40.85339643163099,
      "23,16": 20.0,
      "23,17": 43.41658669218482,
      "23,18": 69.35416353759881,
      "23,19": 58.52349955359813,
      "23,20": 5.0990195135927845,
      "23,21": 57.55866572463264,
      "23,22": 57.42821606144492,
      "23,23": 0.0,
      "23,24": 24.413111231467404,
      "23,25": 21.540659228538015,
      "23,1000": 69.98983887690498,
      "23,1001": 62.31584046169898,
      "23,1002": 8.161444742432321,
      "23,1003": 47.24491809677884,
      "23,1004": 87.43362944475385,
      "23,1005": 53.029347334990234,
      "23,1006": 51.90964597403003,
      "23,1007": 10.682578125128025,
      "23,1008": 9.71406631875416,
      "23,1009": 35.83686702074238,
      "24,1": 48.27007354458868,
      "24,2": 54.147945482723536,
      "24,3": 38.01315561749642,
      "24,4": 79.2464510246358,
      "24,5": 72.73238618387272,
      "24,6": 22.02271554554524,
      "24,7": 62.39390995922599,
      "24,8": 93.74433316206373,
      "24,9": 96.74709297958259,
      "24,10": 79.12016177940993,
      "24,11": 23.259406699226016,
      "24,12": 75.31268153505093,
      "24,13": 98.6154146165801,
      "24,14": 45.221676218380054,
      "24,15": 24.515301344262525,
      "24,16": 14.0,
      "24,17": 63.50590523722971,
      "24,18": 89.27485648266257,
      "24,19": 75.23961722390672,
      "24,20": 19.849433241279208,
      "24,21": 77.23341245859851,
      "24,22": 77.31752712031083,
      "24,23": 24.413111231467404,
      "24,24": 0.0,
      "24,25": 22.0,
      "24,1000": 85.65535634812447,
      "24,1001": 83.97564318620996,
      "24,1002": 16.335743552614282,
      "24,1003": 58.768533021315974,
      "24,1004": 106.04079938152543,
      "24,1005": 66.191218320903,
      "24,1006": 72.52900317987654,
      "24,1007": 17.29195508835345,
      "24,1008": 33.36837396985578,
      "24,1009": 47.04185644305499,
      "25,1": 57.42821606144492,
      "25,2": 59.93329625508679,
      "25,3": 34.36568055487916,
      "25,4": 85.90692637965812,
      "25,5": 82.37718130647589,
      "25,6": 18.788294228055936,
      "25,7": 68.4470598345904,
      "25,8": 92.0869154657707,
      "25,9": 101.84301645179212,
      "25,10": 76.0,
      "25,11": 10.04987562112089,
      "25,12": 82.29216244576394,
      "25,13": 103.40696301506973,
      "25,14": 60.60528029800704,
      "25,15": 46.2709412050371,
      "25,16": 8.0,
      "25,17": 64.53681120105021,
      "25,18": 90.2551937563706,
      "25,19": 80.05623023850174,
      "25,20": 17.4928556845359,
      "25,21": 78.64477096412705,
      "25,22": 78.44743462982075,
      "25,23": 21.540659228538015,
      "25,24": 22.0,
      "25,25": 0.0,
      "25,1000": 91.52964050448703,
      "25,1001": 82.40001198717528,
      "25,1002": 19.33421179869166,
      "25,1003": 68.09977008452347,
      "25,1004": 108.62582712477935,
      "25,1005": 74.2813594306386,
      "25,1006": 72.71805849603088,
      "25,1007": 11.936259769727869,
      "25,1008": 24.587335107986377,
      "25,1009": 56.36710947019567,
      "1000,1": 37.75161143417069,
      "1000,2": 31.91151384363422,
      "1000,3": 58.74930753607739,
      "1000,4": 6.8486048847456455,
      "1000,5": 18.814427491494282,
      "1000,6": 72.77272400072368,
      "1000,7": 23.40871278796623,
      "1000,8": 31.50899518535466,
      "1000,9": 11.303710871986235,
      "1000,10": 35.734425628016304,
      "1000,11": 81.94545970703004,
      "1000,12": 10.799342826975218,
      "1000,13": 13.3874326844273,
      "1000,14": 49.54624069191853,
      "1000,15": 80.51851131976647,
      "1000,16": 88.8098509690846,
      "1000,17": 29.969942792333303,
      "1000,18": 20.116935158787584,
      "1000,19": 11.776275432723345,
      "1000,20": 74.28606790026573,
      "1000,21": 20.187809374674597,
      "1000,22": 21.115357682606316,
      "1000,23": 69.98983887690498,
      "1000,24": 85.65535634812447,
      "1000,25": 91.52964050448703,
      "1000,1000": 0.0,
      "1000,1001": 29.716026588663322,
      "1000,1002": 73.9201692792247,
      "1000,1003": 28.327121567733016,
      "1000,1004": 24.00446446086842,
      "1000,1005": 20.322881652273292,
      "1000,1006": 26.413701953911318,
      "1000,1007": 80.14481864099056,
      "1000,1008": 69.69010743207015,
      "1000,1009": 38.996348223230335,
      "1001,1": 44.987725326384655,
      "1001,2": 35.17167470980475,
      "1001,3": 48.24562003616085,
      "1001,4": 31.247646333640077,
      "1001,5": 42.09605743856198,
      "1001,6": 65.31261426663974,
      "1001,7": 31.36661201187728,
      "1001,8": 9.809908435109076,
      "1001,9": 32.058418961181175,
      "1001,10": 8.026862700612543,
      "1001,11": 72.35859106125137,
      "1001,12": 32.037169266112144,
      "1001,13": 32.091183552932876,
      "1001,14": 62.39025429516009,
      "1001,15": 87.43243574800485,
      "1001,16": 82.2987730067361,
      "1001,17": 21.228207126745133,
      "1001,18": 12.032508048020935,
      "1001,19": 24.074113656779943,
      "1001,20": 67.3619755262972,
      "1001,21": 12.148722046843297,
      "1001,22": 11.255029520418896,
      "1001,23": 62.31584046169898,
      "1001,24": 83.97564318620996,
      "1001,25": 82.40001198717528,
      "1001,1000": 29.716026588663322,
      "1001,1001": 0.0,
      "1001,1002": 68.85080064473054,
      "1001,1003": 41.7008783666378,
      "1001,1004": 30.173855487909456,
      "1001,1005": 36.39983423721206,
      "1001,1006": 12.360769782802764,
      "1001,1007": 72.95310873380255,
      "1001,1008": 57.93686584563656,
      "1001,1009": 45.916554277392926,
      "1002,1": 38.44542857562923,
      "1002,2": 42.01635125857412,
      "1002,3": 21.7893817143576,
      "1002,4": 67.94987898337244,
      "1002,5": 63.49622848698974,
      "1002,6": 6.249451461556634,
      "1002,7": 50.54962974251595,
      "1002,8": 78.65964954524317,
      "1002,9": 84.62996205081724,
      "1002,10": 63.528219524476455,
      "1002,11": 13.030551291526995,
      "1002,12": 64.19071587779442,
      "1002,13": 86.33922111353573,
      "1002,14": 41.57260921064805,
      "1002,15": 33.765376461083136,
      "1002,16": 14.930470037062374,
      "1002,17": 49.09555579426441,
      "1002,18": 75.10865007199308,
      "1002,19": 62.80545619204264,
      "1002,20": 4.563443634044926,
      "1002,21": 63.14454503351639,
      "1002,22": 63.111767276660935,
      "1002,23": 8.161444742432321,
      "1002,24": 16.335743552614282,
      "1002,25": 19.33421179869166,
      "1002,1000": 73.9201692792247,
      "1002,1001": 68.85080064473054,
      "1002,1002": 0.0,
      "1002,1003": 49.18863991954017,
      "1002,1004": 92.6816891555298,
      "1002,1005": 55.74871616488479,
      "1002,1006": 57.90343301541708,
      "1002,1007": 7.536531363389194,
      "1002,1008": 17.60197595004125,
      "1002,1009": 37.33772280159813,
      "1003,1": 10.75864263954004,
      "1003,2": 12.180753845501544,
      "1003,3": 39.904986223858764,
      "1003,4": 21.509317832127945,
      "1003,5": 14.307609963283456,
      "1003,6": 49.603767523483484,
      "1003,7": 10.427577377880496,
      "1003,8": 49.03560339183219,
      "1003,9": 39.6177183837369,
      "1003,10": 42.59274037794213,
      "1003,11": 59.42443074388361,
      "1003,12": 17.52862541692216,
      "1003,13": 41.71418775493064,
      "1003,14": 22.024778378479922,
      "1003,15": 52.20659116904349,
      "1003,16": 63.992906348967324,
      "1003,17": 24.75371282157932,
      "1003,18": 39.69915314600291,
      "1003,19": 20.918624303075156,
      "1003,20": 50.63619162618052,
      "1003,21": 29.950255406214037,
      "1003,22": 30.689226557859193,
      "1003,23": 47.24491809677884,
      "1003,24": 58.768533021315974,
      "1003,25": 68.09977008452347,
      "1003,1000": 28.327121567733016,
      "1003,1001": 41.7008783666378,
      "1003,1002": 49.18863991954017,
      "1003,1003": 0.0,
      "1003,1004": 51.477536428458066,
      "1003,1005": 8.006462844048052,
      "1003,1006": 30.364182561061725,
      "1003,1007": 56.213207277057435,
      "1003,1008": 50.0370460651476,
      "1003,1009": 11.912596411544612,
      "1004,1": 59.770460267832725,
      "1004,2": 52.08333157303544,
      "1004,3": 74.39429399882845,
      "1004,4": 30.64420133118669,
      "1004,5": 42.76176523571447,
      "1004,6": 90.38700599530833,
      "1004,7": 44.35702698949794,
      "1004,8": 24.112711943015075,
      "1004,9": 14.439061755831649,
      "1004,10": 38.19988020142917,
      "1004,11": 98.65483128654427,
      "1004,12": 34.34087169021983,
      "1004,13": 12.35297158991081,
      "1004,14": 73.21014215156963,
      "1004,15": 103.47946297811183,
      "1004,16": 107.17173845735503,
      "1004,17": 44.08903191115361,
      "1004,18": 19.082310646916852,
      "1004,19": 31.337312659358957,
      "1004,20": 92.19382544445956,
      "1004,21": 30.009934354436805,
      "1004,22": 30.27903167670572,
      "1004,23": 87.43362944475385,
      "1004,24": 106.04079938152543,
      "1004,25": 108.62582712477935,
      "1004,1000": 24.00446446086842,
      "1004,1001": 30.173855487909456,
      "1004,1002": 92.6816891555298,
      "1004,1003": 51.477536428458066,
      "1004,1004": 0.0,
      "1004,1005": 43.5724038926899,
      "1004,1006": 36.283110289385625,
      "1004,1007": 98.03915875805622,
      "1004,1008": 84.9606222447984,
      "1004,1009": 60.98476616777091,
      "1005,1": 17.92254658547722,
      "1005,2": 15.089344830462693,
      "1005,3": 44.08890442451385,
      "1005,4": 13.516482964939147,
      "1005,5": 9.324555297357474,
      "1005,6": 55.57126219633895,
      "1005,7": 8.220471711494671,
      "1005,8": 42.81884625676908,
      "1005,9": 31.61783183030864,
      "1005,10": 38.579333087076584,
      "1005,11": 65.22948348373302,
      "1005,12": 9.527153273693242,
      "1005,13": 33.709169667642975,
