{
  "metadata": {
    "source": "Mankowska HCSRP",
    "seed": 1,
    "sigma": 0.15
  },
  "parameters": {
    "p": 5
  },
  "sets": {
    "customers": [
      1,
      2,
      3,
      4,
      5,
      6,
      7,
      8,
      9,
      10,
      11,
      12,
      13,
      14,
      15,
      16,
      17,
      18,
      19,
      20,
      21,
      22,
      23,
      24,
      25
    ],
    "facilities": [
      1000,
      1001,
      1002,
      1003,
      1004,
      1005,
      1006,
      1007,
      1008,
      1009
    ],
    "vehicles": [
      0,
      1,
      2,
      3,
      4
    ]
  },
  "coordinates": {
    "customers": {
      "1": {
        "x": 10.0,
        "y": 21.0
      },
      "2": {
        "x": 28.0,
        "y": 7.0
      },
      "3": {
        "x": 49.0,
        "y": 39.0
      },
      "4": {
        "x": 59.0,
        "y": 29.0
      },
      "5": {
        "x": 85.0,
        "y": 38.0
      },
      "6": {
        "x": 77.0,
        "y": 7.0
      },
      "7": {
        "x": 81.0,
        "y": 46.0
      },
      "8": {
        "x": 76.0,
        "y": 30.0
      },
      "9": {
        "x": 86.0,
        "y": 10.0
      },
      "10": {
        "x": 11.0,
        "y": 26.0
      },
      "11": {
        "x": 85.0,
        "y": 25.0
      },
      "12": {
        "x": 78.0,
        "y": 25.0
      },
      "13": {
        "x": 57.0,
        "y": 36.0
      },
      "14": {
        "x": 46.0,
        "y": 21.0
      },
      "15": {
        "x": 38.0,
        "y": 37.0
      },
      "16": {
        "x": 22.0,
        "y": 45.0
      },
      "17": {
        "x": 92.0,
        "y": 22.0
      },
      "18": {
        "x": 61.0,
        "y": 0.0
      },
      "19": {
        "x": 53.0,
        "y": 9.0
      },
      "20": {
        "x": 57.0,
        "y": 15.0
      },
      "21": {
        "x": 32.0,
        "y": 30.0
      },
      "22": {
        "x": 70.0,
        "y": 46.0
      },
      "23": {
        "x": 28.0,
        "y": 45.0
      },
      "24": {
        "x": 24.0,
        "y": 30.0
      },
      "25": {
        "x": 0.0,
        "y": 0.0
      }
    },
    "facilities": {
      "1000": {
        "x": 65.7153020783974,
        "y": 27.65534135810107
      },
      "1001": {
        "x": 75.24560164915884,
        "y": 36.042121067022215
      },
      "1002": {
        "x": 55.907743881096025,
        "y": 19.43080064681565
      },
      "1003": {
        "x": 75.57524442540905,
        "y": 54.90541391107845
      },
      "1004": {
        "x": 65.02854915222967,
        "y": 26.61179966067107
      },
      "1005": {
        "x": 68.50891721986922,
        "y": 25.82824945586993
      },
      "1006": {
        "x": 100.78298325557022,
        "y": 19.62408475376425
      },
      "1007": {
        "x": 51.331987942612265,
        "y": 13.442331511654347
      },
      "1008": {
        "x": 39.580815751497354,
        "y": 33.433833325460704
      },
      "1009": {
        "x": 8.757751873011442,
        "y": 20.916244827637012
      }
    }
  },
  "time_windows": {
    "e": {
      "1": 134.0,
      "2": 140.0,
      "3": 450.0,
      "4": 181.0,
      "5": 408.0,
      "6": 162.0,
      "7": 69.0,
      "8": 244.0,
      "9": 19.0,
      "10": 121.0,
      "11": 465.0,
      "12": 322.0,
      "13": 197.0,
      "14": 334.0,
      "15": 21.0,
      "16": 166.0,
      "17": 336.0,
      "18": 297.0,
      "19": 286.0,
      "20": 19.0,
      "21": 271.0,
      "22": 132.0,
      "23": 25.0,
      "24": 155.0,
      "25": 358.0
    },
    "l": {
      "1": 254.0,
      "2": 260.0,
      "3": 570.0,
      "4": 301.0,
      "5": 528.0,
      "6": 282.0,
      "7": 189.0,
      "8": 364.0,
      "9": 139.0,
      "10": 241.0,
      "11": 585.0,
      "12": 442.0,
      "13": 317.0,
      "14": 454.0,
      "15": 141.0,
      "16": 286.0,
      "17": 456.0,
      "18": 417.0,
      "19": 406.0,
      "20": 139.0,
      "21": 391.0,
      "22": 252.0,
      "23": 145.0,
      "24": 275.0,
      "25": 478.0
    }
  },
  "travel_time": {
    "matrix": {
      "1,1": 0.0,
      "1,2": 22.80350850198276,
      "1,3": 42.95346318982906,
      "1,4": 49.64876634922564,
      "1,5": 76.90253571892151,
      "1,6": 68.4470598345904,
      "1,7": 75.27283706623525,
      "1,8": 66.61080993352356,
      "1,9": 76.79192665899195,
      "1,10": 5.0990195135927845,
      "1,11": 75.1065909225016,
      "1,12": 68.11754546370561,
      "1,13": 49.33558553417604,
      "1,14": 36.0,
      "1,15": 32.2490309931942,
      "1,16": 26.832815729997478,
      "1,17": 82.00609733428362,
      "1,18": 55.154328932550705,
      "1,19": 44.64302857109943,
      "1,20": 47.38143096192854,
      "1,21": 23.769728648009426,
      "1,22": 65.0,
      "1,23": 30.0,
      "1,24": 16.64331697709324,
      "1,25": 23.259406699226016,
      "1,1000": 56.11139326625141,
      "1,1001": 66.95710522980868,
      "1,1002": 45.934554910898434,
      "1,1003": 73.8220141552213,
      "1,1004": 55.31395409144844,
      "1,1005": 58.70779664618335,
      "1,1006": 90.79340940589226,
      "1,1007": 42.017277163899834,
      "1,1008": 32.08776825660163,
      "1,1009": 1.2450684069175215,
      "2,1": 22.80350850198276,
      "2,2": 0.0,
      "2,3": 38.27531841800928,
      "2,4": 38.01315561749642,
      "2,5": 64.88451279003334,
      "2,6": 49.0,
      "2,7": 65.80273550544841,
      "2,8": 53.225933528685054,
      "2,9": 58.077534382926416,
      "2,10": 25.495097567963924,
      "2,11": 59.77457653551382,
      "2,12": 53.14132102234569,
      "2,13": 41.012193308819754,
      "2,14": 22.80350850198276,
      "2,15": 31.622776601683793,
      "2,16": 38.47076812334269,
      "2,17": 65.73431371817918,
      "2,18": 33.734255586866,
      "2,19": 25.079872407968907,
      "2,20": 30.083217912982647,
      "2,21": 23.345235059857504,
      "2,22": 57.3149195236284,
      "2,23": 38.0,
      "2,24": 23.345235059857504,
      "2,25": 28.861739379323623,
      "2,1000": 43.00101321462609,
      "2,1001": 55.458017195555925,
      "2,1002": 30.55105519051224,
      "2,1003": 67.51542463859028,
      "2,1004": 41.901505202670066,
      "2,1005": 44.67074380283681,
      "2,1006": 73.8696836831649,
      "2,1007": 24.2050675822287,
      "2,1008": 28.859363086325487,
      "2,1009": 23.747125785730965,
      "3,1": 42.95346318982906,
      "3,2": 38.27531841800928,
      "3,3": 0.0,
      "3,4": 14.142135623730951,
      "3,5": 36.013886210738214,
      "3,6": 42.5205832509386,
      "3,7": 32.7566787083184,
      "3,8": 28.460498941515414,
      "3,9": 47.01063709417264,
      "3,10": 40.162171256046406,
      "3,11": 38.62641583165593,
      "3,12": 32.202484376209235,
      "3,13": 8.54400374531753,
      "3,14": 18.24828759089466,
      "3,15": 11.180339887498949,
      "3,16": 27.65863337187866,
      "3,17": 46.238512086787566,
      "3,18": 40.80441152620633,
      "3,19": 30.265491900843113,
      "3,20": 25.298221281347036,
      "3,21": 19.235384061671343,
      "3,22": 22.135943621178654,
      "3,23": 21.840329667841555,
      "3,24": 26.570660511172846,
      "3,25": 62.625873247404705,
      "3,1000": 20.20154952654099,
      "3,1001": 26.411752189290343,
      "3,1002": 20.752601977860277,
      "3,1003": 30.971370779365945,
      "3,1004": 20.25788477538541,
      "3,1005": 23.539177205002314,
      "3,1006": 55.28927062709343,
      "3,1007": 25.663838105877023,
      "3,1008": 10.940897739947678,
      "3,1009": 44.11871185164045,
      "4,1": 49.64876634922564,
      "4,2": 38.01315561749642,
      "4,3": 14.142135623730951,
      "4,4": 0.0,
      "4,5": 27.51363298439521,
      "4,6": 28.42534080710379,
      "4,7": 27.80287754891569,
      "4,8": 17.029386365926403,
      "4,9": 33.015148038438355,
      "4,10": 48.093658625644196,
      "4,11": 26.30589287593181,
      "4,12": 19.4164878389476,
      "4,13": 7.280109889280518,
      "4,14": 15.264337522473747,
      "4,15": 22.47220505424423,
      "4,16": 40.311288741492746,
      "4,17": 33.734255586866,
      "4,18": 29.068883707497267,
      "4,19": 20.8806130178211,
      "4,20": 14.142135623730951,
      "4,21": 27.018512172212592,
      "4,22": 20.248456731316587,
      "4,23": 34.88552708502482,
      "4,24": 35.014282800023196,
      "4,25": 65.7419196555744,
      "4,1000": 6.8486048847456455,
      "4,1001": 17.70624302515219,
      "4,1002": 10.056422035986897,
      "4,1003": 30.75433624168063,
      "4,1004": 6.484358545116079,
      "4,1005": 10.023946738112425,
      "4,1006": 42.82202092895496,
      "4,1007": 17.344724203789088,
      "4,1008": 19.918925544196885,
      "4,1009": 50.88841316587294,
      "5,1": 76.90253571892151,
      "5,2": 64.88451279003334,
      "5,3": 36.013886210738214,
      "5,4": 27.51363298439521,
      "5,5": 0.0,
      "5,6": 32.01562118716424,
      "5,7": 8.94427190999916,
      "5,8": 12.041594578792296,
      "5,9": 28.0178514522438,
      "5,10": 74.96665925596525,
      "5,11": 13.0,
      "5,12": 14.7648230602334,
      "5,13": 28.071337695236398,
      "5,14": 42.5440947723653,
      "5,15": 47.01063709417264,
      "5,16": 63.387695966961914,
      "5,17": 17.46424919657298,
      "5,18": 44.94441010848846,
      "5,19": 43.18564576337837,
      "5,20": 36.235341863986875,
      "5,21": 53.600373133029585,
      "5,22": 17.0,
      "5,23": 57.42821606144492,
      "5,24": 61.5223536610881,
      "5,25": 93.1074647920348,
      "5,1000": 21.88404753113276,
      "5,1001": 9.948948542589358,
      "5,1002": 34.51339639482339,
      "5,1003": 19.35507781295823,
      "5,1004": 22.990214351623553,
      "5,1005": 20.496519767259432,
      "5,1006": 24.223476661752112,
      "5,1007": 41.672702305944725,
      "5,1008": 45.64813441860581,
      "5,1009": 78.13280418778356,
      "6,1": 68.4470598345904,
      "6,2": 49.0,
      "6,3": 42.5205832509386,
      "6,4": 28.42534080710379,
      "6,5": 32.01562118716424,
      "6,6": 0.0,
      "6,7": 39.20459156782532,
      "6,8": 23.021728866442675,
      "6,9": 9.486832980505138,
      "6,10": 68.6804193347711,
      "6,11": 19.697715603592208,
      "6,12": 18.027756377319946,
      "6,13": 35.22782990761707,
      "6,14": 34.0147027033899,
      "6,15": 49.20365840057018,
      "6,16": 66.85057965343307,
      "6,17": 21.213203435596427,
      "6,18": 17.46424919657298,
      "6,19": 24.08318915758459,
      "6,20": 21.540659228538015,
      "6,21": 50.53711507397311,
      "6,22": 39.6232255123179,
      "6,23": 62.00806399170998,
      "6,24": 57.77542730261716,
      "6,25": 77.31752712031083,
      "6,1000": 23.536939771378574,
      "6,1001": 29.095063320862696,
      "6,1002": 24.482811785134373,
      "6,1003": 47.926596065640595,
      "6,1004": 22.97690843718708,
      "6,1005": 20.654332822715425,
      "6,1006": 26.925783338743486,
      "6,1007": 26.464135698795392,
      "6,1008": 45.81422152674457,
      "6,1009": 69.6467249734559,
      "7,1": 75.27283706623525,
      "7,2": 65.80273550544841,
      "7,3": 32.7566787083184,
      "7,4": 27.80287754891569,
      "7,5": 8.94427190999916,
      "7,6": 39.20459156782532,
      "7,7": 0.0,
      "7,8": 16.76305461424021,
      "7,9": 36.345563690772494,
      "7,10": 72.80109889280519,
      "7,11": 21.37755832643195,
      "7,12": 21.213203435596427,
      "7,13": 26.0,
      "7,14": 43.01162633521314,
      "7,15": 43.93176527297759,
      "7,16": 59.00847396772772,
      "7,17": 26.40075756488817,
      "7,18": 50.15974481593781,
      "7,19": 46.400431032480725,
      "7,20": 39.20459156782532,
      "7,21": 51.54609587543949,
      "7,22": 11.0,
      "7,23": 53.009433122794285,
      "7,24": 59.20304046246274,
      "7,25": 93.15041599477696,
      "7,1000": 23.877782376980488,
      "7,1001": 11.500976185698596,
      "7,1002": 36.545090934432295,
      "7,1003": 10.427577377880496,
      "7,1004": 25.119505460512112,
      "7,1005": 23.726075719231183,
      "7,1006": 32.970522160966496,
      "7,1007": 44.04761874192883,
      "7,1008": 43.28345375202528,
      "7,1009": 76.47311415123899,
      "8,1": 66.61080993352356,
      "8,2": 53.225933528685054,
      "8,3": 28.460498941515414,
      "8,4": 17.029386365926403,
      "8,5": 12.041594578792296,
      "8,6": 23.021728866442675,
      "8,7": 16.76305461424021,
      "8,8": 0.0,
      "8,9": 22.360679774997898,
      "8,10": 65.12296062065974,
      "8,11": 10.295630140987,
      "8,12": 5.385164807134504,
      "8,13": 19.924858845171276,
      "8,14": 31.32091952673165,
      "8,15": 38.63935817272331,
      "8,16": 56.04462507680822,
      "8,17": 17.88854381999832,
      "8,18": 33.54101966249684,
      "8,19": 31.144823004794873,
      "8,20": 24.20743687382041,
      "8,21": 44.0,
      "8,22": 17.08800749063506,
      "8,23": 50.28916384272063,
      "8,24": 52.0,
      "8,25": 81.70679286326198,
      "8,1000": 10.548575045267876,
      "8,1001": 6.089034723197555,
      "8,1002": 22.702571019930467,
      "8,1003": 24.9090356975192,
      "8,1004": 11.482710274341546,
      "8,1005": 8.574370170526898,
      "8,1006": 26.86737568581906,
      "8,1007": 29.70971566059462,
      "8,1008": 36.58070792963728,
      "8,1009": 67.8530363447571,
      "9,1": 76.79192665899195,
      "9,2": 58.077534382926416,
      "9,3": 47.01063709417264,
      "9,4": 33.015148038438355,
      "9,5": 28.0178514522438,
      "9,6": 9.486832980505138,
      "9,7": 36.345563690772494,
      "9,8": 22.360679774997898,
      "9,9": 0.0,
      "9,10": 76.68767828015137,
      "9,11": 15.033296378372908,
      "9,12": 17.0,
      "9,13": 38.948684188300895,
      "9,14": 41.48493702538308,
      "9,15": 55.072679252057455,
      "9,16": 72.94518489934754,
      "9,17": 13.416407864998739,
      "9,18": 26.92582403567252,
      "9,19": 33.015148038438355,
      "9,20": 29.427877939124322,
      "9,21": 57.584720195551874,
      "9,22": 39.395431207184416,
      "9,23": 67.7421582177598,
      "9,24": 65.14598989960932,
      "9,25": 86.57944328765345,
      "9,1000": 26.89200714416354,
      "9,1001": 28.175328810113598,
      "9,1002": 31.535438464776295,
      "9,1003": 46.09958489309034,
      "9,1004": 26.75357244606257,
      "9,1005": 23.589647255917885,
      "9,1006": 17.639716587352158,
      "9,1007": 34.8384946036322,
      "9,1008": 51.998896244265694,
      "9,1009": 78.0098025689604,
      "10,1": 5.0990195135927845,
      "10,2": 25.495097567963924,
      "10,3": 40.162171256046406,
      "10,4": 48.093658625644196,
      "10,5": 74.96665925596525,
      "10,6": 68.6804193347711,
      "10,7": 72.80109889280519,
      "10,8": 65.12296062065974,
      "10,9": 76.68767828015137,
      "10,10": 0.0,
      "10,11": 74.00675644831355,
      "10,12": 67.00746227100382,
      "10,13": 47.07440918375928,
      "10,14": 35.35533905932738,
      "10,15": 29.154759474226502,
      "10,16": 21.95449840010015,
      "10,17": 81.09870529176159,
      "10,18": 56.356011214421486,
      "10,19": 45.31004303683677,
      "10,20": 47.29693436154187,
      "10,21": 21.37755832643195,
      "10,22": 62.297672508690084,
      "10,23": 25.495097567963924,
      "10,24": 13.601470508735444,
      "10,25": 28.231188426986208,
      "10,1000": 54.74033646719865,
      "10,1001": 65.02569897192288,
      "10,1002": 45.38567880545575,
      "10,1003": 70.74945332631263,
      "10,1004": 54.03201293973504,
      "10,1005": 57.509173686040555,
      "10,1006": 90.00909052699723,
      "10,1007": 42.241736342937074,
      "10,1008": 29.53176098595831,
      "10,1009": 5.556279628988369,
      "11,1": 75.1065909225016,
      "11,2": 59.77457653551382,
      "11,3": 38.62641583165593,
      "11,4": 26.30589287593181,
      "11,5": 13.0,
      "11,6": 19.697715603592208,
      "11,7": 21.37755832643195,
      "11,8": 10.295630140987,
      "11,9": 15.033296378372908,
      "11,10": 74.00675644831355,
      "11,11": 0.0,
      "11,12": 7.0,
      "11,13": 30.083217912982647,
      "11,14": 39.20459156782532,
      "11,15": 48.507731342539614,
      "11,16": 66.09841147864296,
      "11,17": 7.615773105863909,
      "11,18": 34.655446902326915,
      "11,19": 35.77708763999664,
      "11,20": 29.732137494637012,
      "11,21": 53.23532661682466,
      "11,22": 25.80697580112788,
      "11,23": 60.40695324215582,
      "11,24": 61.204574992397426,
      "11,25": 88.60022573334675,
      "11,1000": 19.466648701189058,
      "11,1001": 14.73352384345539,
      "11,1002": 29.62052240463383,
      "11,1003": 31.35537910524616,
      "11,1004": 20.036385580015313,
      "11,1005": 16.51186871381537,
      "11,1006": 16.673422719415463,
      "11,1007": 35.596555125221094,
      "11,1008": 46.19558249834157,
      "11,1009": 76.35153866010226,
      "12,1": 68.11754546370561,
      "12,2": 53.14132102234569,
      "12,3": 32.202484376209235,
      "12,4": 19.4164878389476,
      "12,5": 14.7648230602334,
      "12,6": 18.027756377319946,
      "12,7": 21.213203435596427,
      "12,8": 5.385164807134504,
      "12,9": 17.0,
      "12,10": 67.00746227100382,
      "12,11": 7.0,
      "12,12": 0.0,
      "12,13": 23.706539182259394,
      "12,14": 32.2490309931942,
      "12,15": 41.7612260356422,
      "12,16": 59.464274989274024,
      "12,17": 14.317821063276353,
      "12,18": 30.23243291566195,
      "12,19": 29.68164415931166,
      "12,20": 23.259406699226016,
      "12,21": 46.2709412050371,
      "12,22": 22.47220505424423,
      "12,23": 53.85164807134504,
      "12,24": 54.230987451824994,
      "12,25": 81.9084855189009,
      "12,1000": 12.568398495952826,
      "12,1001": 11.380472219283886,
      "12,1002": 22.783409794382383,
      "12,1003": 30.003553469371493,
      "12,1004": 13.071206342272351,
      "12,1005": 9.527153273693242,
      "12,1006": 23.408647777227603,
      "12,1007": 29.06479946566767,
      "12,1008": 39.33399627398728,
      "12,1009": 69.36256902672544,
      "13,1": 49.33558553417604,
      "13,2": 41.012193308819754,
      "13,3": 8.54400374531753,
      "13,4": 7.280109889280518,
      "13,5": 28.071337695236398,
      "13,6": 35.22782990761707,
      "13,7": 26.0,
      "13,8": 19.924858845171276,
      "13,9": 38.948684188300895,
      "13,10": 47.07440918375928,
      "13,11": 30.083217912982647,
      "13,12": 23.706539182259394,
      "13,13": 0.0,
      "13,14": 18.601075237738275,
      "13,15": 19.026297590440446,
      "13,16": 36.138621999185304,
      "13,17": 37.69615364994153,
      "13,18": 36.22154055254967,
      "13,19": 27.294688127912362,
      "13,20": 21.0,
      "13,21": 25.709920264364882,
      "13,22": 16.401219466856727,
      "13,23": 30.364452901377952,
      "13,24": 33.54101966249684,
      "13,25": 67.4166151627327,
      "13,1000": 12.066060590248027,
      "13,1001": 18.245650268600322,
      "13,1002": 16.605161566056736,
      "13,1003": 26.503855957443033,
      "13,1004": 12.35297158991081,
      "13,1005": 15.359677233126112,
      "13,1006": 46.74526952440684,
      "13,1007": 23.258864295420686,
      "13,1008": 17.60719146498949,
      "13,1009": 50.54536748749304,
      "14,1": 36.0,
      "14,2": 22.80350850198276,
      "14,3": 18.24828759089466,
      "14,4": 15.264337522473747,
      "14,5": 42.5440947723653,
      "14,6": 34.0147027033899,
      "14,7": 43.01162633521314,
      "14,8": 31.32091952673165,
      "14,9": 41.48493702538308,
      "14,10": 35.35533905932738,
      "14,11": 39.20459156782532,
      "14,12": 32.2490309931942,
      "14,13": 18.601075237738275,
      "14,14": 0.0,
      "14,15": 17.88854381999832,
      "14,16": 33.94112549695428,
      "14,17": 46.010868281309364,
      "14,18": 25.80697580112788,
      "14,19": 13.892443989449804,
      "14,20": 12.529964086141668,
      "14,21": 16.64331697709324,
      "14,22": 34.655446902326915,
      "14,23": 30.0,
      "14,24": 23.769728648009426,
      "14,25": 50.566787519082126,
      "14,1000": 20.808332577006535,
      "14,1001": 32.88724102165209,
      "14,1002": 10.031239974371559,
      "14,1003": 44.99191233215411,
      "14,1004": 19.838799819301784,
      "14,1005": 23.020932805145698,
      "14,1006": 54.80025909742499,
      "14,1007": 9.249240422861515,
      "14,1008": 13.993074629314377,
      "14,1009": 37.24234230658808,
      "15,1": 32.2490309931942,
      "15,2": 31.622776601683793,
      "15,3": 11.180339887498949,
      "15,4": 22.47220505424423,
      "15,5": 47.01063709417264,
      "15,6": 49.20365840057018,
      "15,7": 43.93176527297759,
      "15,8": 38.63935817272331,
      "15,9": 55.072679252057455,
      "15,10": 29.154759474226502,
      "15,11": 48.507731342539614,
      "15,12": 41.7612260356422,
      "15,13": 19.026297590440446,
      "15,14": 17.88854381999832,
      "15,15": 0.0,
      "15,16": 17.88854381999832,
      "15,17": 56.04462507680822,
      "15,18": 43.56604182158393,
      "15,19": 31.76476034853718,
      "15,20": 29.068883707497267,
      "15,21": 9.219544457292887,
      "15,22": 33.24154027718932,
      "15,23": 12.806248474865697,
      "15,24": 15.652475842498529,
      "15,25": 53.03772242470448,
      "15,1000": 29.248258314478072,
      "15,1001": 37.257916933962726,
      "15,1002": 25.087129306137548,
      "15,1003": 41.623344903506684,
      "15,1004": 28.956125009478203,
      "15,1005": 32.49002985762098,
      "15,1006": 65.14311488648342,
      "15,1007": 27.068536109452847,
      "15,1008": 3.900836216861304,
      "15,1009": 33.373586201738625,
      "16,1": 26.832815729997478,
      "16,2": 38.47076812334269,
      "16,3": 27.65863337187866,
      "16,4": 40.311288741492746,
      "16,5": 63.387695966961914,
      "16,6": 66.85057965343307,
      "16,7": 59.00847396772772,
      "16,8": 56.04462507680822,
      "16,9": 72.94518489934754,
      "16,10": 21.95449840010015,
      "16,11": 66.09841147864296,
      "16,12": 59.464274989274024,
      "16,13": 36.138621999185304,
      "16,14": 33.94112549695428,
      "16,15": 17.88854381999832,
      "16,16": 0.0,
      "16,17": 73.68174807915459,
      "16,18": 59.54829972383762,
      "16,19": 47.50789408087881,
      "16,20": 46.09772228646444,
      "16,21": 18.027756377319946,
      "16,22": 48.010415536631214,
      "16,23": 6.0,
      "16,24": 15.132745950421556,
      "16,25": 50.08991914547278,
      "16,1000": 47.03046692527659,
      "16,1001": 53.99386715136075,
      "16,1002": 42.46785903090581,
      "16,1003": 54.48324549797039,
      "16,1004": 46.792969064434686,
      "16,1005": 50.305421177950585,
      "16,1006": 82.76892850116883,
      "16,1007": 43.08424256135734,
      "16,1008": 21.044269862157748,
      "16,1009": 27.484257287746615,
      "17,1": 82.00609733428362,
      "17,2": 65.73431371817918,
      "17,3": 46.238512086787566,
      "17,4": 33.734255586866,
      "17,5": 17.46424919657298,
      "17,6": 21.213203435596427,
      "17,7": 26.40075756488817,
      "17,8": 17.88854381999832,
      "17,9": 13.416407864998739,
      "17,10": 81.09870529176159,
      "17,11": 7.615773105863909,
      "17,12": 14.317821063276353,
      "17,13": 37.69615364994153,
      "17,14": 46.010868281309364,
      "17,15": 56.04462507680822,
      "17,16": 73.68174807915459,
      "17,17": 0.0,
      "17,18": 38.01315561749642,
      "17,19": 41.10960958218893,
      "17,20": 35.6931365951495,
      "17,21": 60.530983801686226,
      "17,22": 32.55764119219941,
      "17,23": 68.00735254367721,
      "17,24": 68.46897107449476,
      "17,25": 94.59386872308374,
      "17,1000": 26.886208931467976,
      "17,1001": 21.860718839040448,
      "17,1002": 36.183583806319746,
      "17,1003": 36.77687942640663,
      "17,1004": 27.362891969670468,
      "17,1005": 23.800976116103417,
      "17,1006": 9.098668480877972,
      "17,1007": 41.55864404256061,
      "17,1008": 53.651686103913676,
      "17,1009": 83.2493026908259,
      "18,1": 55.154328932550705,
      "18,2": 33.734255586866,
      "18,3": 40.80441152620633,
      "18,4": 29.068883707497267,
      "18,5": 44.94441010848846,
      "18,6": 17.46424919657298,
      "18,7": 50.15974481593781,
      "18,8": 33.54101966249684,
      "18,9": 26.92582403567252,
      "18,10": 56.356011214421486,
      "18,11": 34.655446902326915,
      "18,12": 30.23243291566195,
      "18,13": 36.22154055254967,
      "18,14": 25.80697580112788,
      "18,15": 43.56604182158393,
      "18,16": 59.54829972383762,
      "18,17": 38.01315561749642,
      "18,18": 0.0,
      "18,19": 12.041594578792296,
      "18,20": 15.524174696260024,
      "18,21": 41.72529209005013,
      "18,22": 46.87216658103186,
      "18,23": 55.80322571321482,
      "18,24": 47.634021455258214,
      "18,25": 61.0,
      "18,1000": 28.054446694305597,
      "18,1001": 38.755279090162716,
      "18,1002": 20.086987981198337,
      "18,1003": 56.80706141675755,
      "18,1004": 26.914997481917464,
      "18,1005": 26.897626433748645,
      "18,1006": 44.35978425483946,
      "18,1007": 16.557980964206052,
      "18,1008": 39.70645620936211,
      "18,1009": 56.273810845290114,
      "19,1": 44.64302857109943,
      "19,2": 25.079872407968907,
      "19,3": 30.265491900843113,
      "19,4": 20.8806130178211,
      "19,5": 43.18564576337837,
      "19,6": 24.08318915758459,
      "19,7": 46.400431032480725,
      "19,8": 31.144823004794873,
      "19,9": 33.015148038438355,
      "19,10": 45.31004303683677,
      "19,11": 35.77708763999664,
      "19,12": 29.68164415931166,
      "19,13": 27.294688127912362,
      "19,14": 13.892443989449804,
      "19,15": 31.76476034853718,
      "19,16": 47.50789408087881,
      "19,17": 41.10960958218893,
      "19,18": 12.041594578792296,
      "19,19": 0.0,
      "19,20": 7.211102550927978,
      "19,21": 29.698484809834994,
      "19,22": 40.718546143004666,
      "19,23": 43.829214001622255,
      "19,24": 35.805027579936315,
      "19,25": 53.75872022286245,
      "19,1000": 22.576551289605185,
      "19,1001": 35.016326256998255,
      "19,1002": 10.828507589306163,
      "19,1003": 51.156120720930325,
      "19,1004": 21.327481848432527,
      "19,1005": 22.884852918070994,
      "19,1006": 48.94981783068523,
      "19,1007": 4.745163167165915,
      "19,1008": 27.876275161356396,
      "19,1009": 45.81891978344981,
      "20,1": 47.38143096192854,
      "20,2": 30.083217912982647,
      "20,3": 25.298221281347036,
      "20,4": 14.142135623730951,
      "20,5": 36.235341863986875,
      "20,6": 21.540659228538015,
      "20,7": 39.20459156782532,
      "20,8": 24.20743687382041,
      "20,9": 29.427877939124322,
      "20,10": 47.29693436154187,
      "20,11": 29.732137494637012,
      "20,12": 23.259406699226016,
      "20,13": 21.0,
      "20,14": 12.529964086141668,
      "20,15": 29.068883707497267,
      "20,16": 46.09772228646444,
      "20,17": 35.6931365951495,
      "20,18": 15.524174696260024,
      "20,19": 7.211102550927978,
      "20,20": 0.0,
      "20,21": 29.154759474226502,
      "20,22": 33.61547262794322,
      "20,23": 41.72529209005013,
      "20,24": 36.24913792078372,
      "20,25": 58.9406481131655,
      "20,1000": 15.366006482094866,
      "20,1001": 27.85090372930487,
      "20,1002": 4.563443634044927,
      "20,1003": 44.01683501659545,
      "20,1004": 14.117063889114075,
      "20,1005": 15.80209359079833,
      "20,1006": 44.02648955535221,
      "20,1007": 5.878153774977121,
      "20,1008": 25.362062040657268,
      "20,1009": 48.60366711685933,
      "21,1": 23.769728648009426,
      "21,2": 23.345235059857504,
      "21,3": 19.235384061671343,
      "21,4": 27.018512172212592,
      "21,5": 53.600373133029585,
      "21,6": 50.53711507397311,
      "21,7": 51.54609587543949,
      "21,8": 44.0,
      "21,9": 57.584720195551874,
      "21,10": 21.37755832643195,
      "21,11": 53.23532661682466,
      "21,12": 46.2709412050371,
      "21,13": 25.709920264364882,
      "21,14": 16.64331697709324,
      "21,15": 9.219544457292887,
      "21,16": 18.027756377319946,
      "21,17": 60.530983801686226,
      "21,18": 41.72529209005013,
      "21,19": 29.698484809834994,
      "21,20": 29.154759474226502,
      "21,21": 0.0,
      "21,22": 41.23105625617661,
      "21,23": 15.524174696260024,
      "21,24": 8.0,
      "21,25": 43.86342439892262,
      "21,1000": 33.79673088309902,
      "21,1001": 43.665653424474066,
      "21,1002": 26.13978179808387,
      "21,1003": 50.190452964844646,
      "21,1004": 33.20188188402398,
      "21,1005": 36.74649016123462,
      "21,1006": 69.56118459840316,
      "21,1007": 25.453529098796118,
      "21,1008": 8.322258032841502,
      "21,1009": 24.95429233674909,
      "22,1": 65.0,
      "22,2": 57.3149195236284,
      "22,3": 22.135943621178654,
      "22,4": 20.248456731316587,
      "22,5": 17.0,
      "22,6": 39.6232255123179,
      "22,7": 11.0,
      "22,8": 17.08800749063506,
      "22,9": 39.395431207184416,
      "22,10": 62.297672508690084,
      "22,11": 25.80697580112788,
      "22,12": 22.47220505424423,
      "22,13": 16.401219466856727,
      "22,14": 34.655446902326915,
      "22,15": 33.24154027718932,
      "22,16": 48.010415536631214,
      "22,17": 32.55764119219941,
      "22,18": 46.87216658103186,
      "22,19": 40.718546143004666,
      "22,20": 33.61547262794322,
      "22,21": 41.23105625617661,
      "22,22": 0.0,
      "22,23": 42.01190307520001,
      "22,24": 48.703182647543684,
      "22,25": 83.7615663654877,
      "22,1000": 18.838395286413935,
      "22,1001": 11.255029520418894,
      "22,1002": 30.07513984655829,
      "22,1003": 10.50665252736019,
      "22,1004": 20.015434942307667,
      "22,1005": 20.226785406282787,
      "22,1006": 40.53740202811877,
      "22,1007": 37.52994073498904,
      "22,1008": 32.91254039475916,
      "22,1009": 66.18011581430392,
      "23,1": 30.0,
      "23,2": 38.0,
      "23,3": 21.840329667841555,
      "23,4": 34.88552708502482,
      "23,5": 57.42821606144492,
      "23,6": 62.00806399170998,
      "23,7": 53.009433122794285,
      "23,8": 50.28916384272063,
      "23,9": 67.7421582177598,
      "23,10": 25.495097567963924,
      "23,11": 60.40695324215582,
      "23,12": 53.85164807134504,
      "23,13": 30.364452901377952,
      "23,14": 30.0,
      "23,15": 12.806248474865697,
      "23,16": 6.0,
      "23,17": 68.00735254367721,
      "23,18": 55.80322571321482,
      "23,19": 43.829214001622255,
      "23,20": 41.72529209005013,
      "23,21": 15.524174696260024,
      "23,22": 42.01190307520001,
      "23,23": 0.0,
      "23,24": 15.524174696260024,
      "23,25": 53.0,
      "23,1000": 41.51242216817475,
      "23,1001": 48.08732130373752,
      "23,1002": 37.85004787441801,
      "23,1003": 48.59548442897963,
      "23,1004": 41.34294817787412,
      "23,1005": 44.816608453257246,
      "23,1006": 77.07982697285169,
      "23,1007": 39.2462495249486,
      "23,1008": 16.36739151524618,
      "23,1009": 30.82679639831093,
      "24,1": 16.64331697709324,
      "24,2": 23.345235059857504,
      "24,3": 26.570660511172846,
      "24,4": 35.014282800023196,
      "24,5": 61.5223536610881,
      "24,6": 57.77542730261716,
      "24,7": 59.20304046246274,
      "24,8": 52.0,
      "24,9": 65.14598989960932,
      "24,10": 13.601470508735444,
      "24,11": 61.204574992397426,
      "24,12": 54.230987451824994,
      "24,13": 33.54101966249684,
      "24,14": 23.769728648009426,
      "24,15": 15.652475842498529,
      "24,16": 15.132745950421556,
      "24,17": 68.46897107449476,
      "24,18": 47.634021455258214,
      "24,19": 35.805027579936315,
      "24,20": 36.24913792078372,
      "24,21": 8.0,
      "24,22": 48.703182647543684,
      "24,23": 15.524174696260024,
      "24,24": 0.0,
      "24,25": 38.41874542459709,
      "24,1000": 41.78114229696189,
      "24,1001": 51.600570882237584,
      "24,1002": 33.61267758672274,
      "24,1003": 57.27377654409413,
      "24,1004": 41.1682128234437,
      "24,1005": 44.70399551144864,
      "24,1006": 77.48087592962695,
      "24,1007": 31.956125401322623,
      "24,1008": 15.954718135684898,
      "24,1009": 17.743752027012707,
      "25,1": 23.259406699226016,
      "25,2": 28.861739379323623,
      "25,3": 62.625873247404705,
      "25,4": 65.7419196555744,
      "25,5": 93.1074647920348,
      "25,6": 77.31752712031083,
      "25,7": 93.15041599477696,
      "25,8": 81.70679286326198,
      "25,9": 86.57944328765345,
      "25,10": 28.231188426986208,
      "25,11": 88.60022573334675,
      "25,12": 81.9084855189009,
      "25,13": 67.4166151627327,
      "25,14": 50.566787519082126,
      "25,15": 53.03772242470448,
      "25,16": 50.08991914547278,
      "25,17": 94.59386872308374,
      "25,18": 61.0,
      "25,19": 53.75872022286245,
      "25,20": 58.9406481131655,
      "25,21": 43.86342439892262,
      "25,22": 83.7615663654877,
      "25,23": 53.0,
      "25,24": 38.41874542459709,
      "25,25": 0.0,
      "25,1000": 71.29739709756673,
      "25,1001": 83.432218348512,
      "25,1002": 59.18810555889183,
      "25,1003": 93.41424969835795,
      "25,1004": 70.26307768681673,
      "25,1005": 73.21591499526274,
      "25,1006": 102.6757732686512,
      "25,1007": 53.0628802705781,
      "25,1008": 51.811795822849724,
      "25,1009": 22.675703198773956,
      "1000,1": 56.11139326625141,
      "1000,2": 43.00101321462609,
      "1000,3": 20.20154952654099,
      "1000,4": 6.8486048847456455,
      "1000,5": 21.88404753113276,
      "1000,6": 23.536939771378574,
      "1000,7": 23.877782376980488,
      "1000,8": 10.548575045267876,
      "1000,9": 26.89200714416354,
      "1000,10": 54.74033646719865,
      "1000,11": 19.466648701189058,
      "1000,12": 12.568398495952826,
      "1000,13": 12.066060590248027,
      "1000,14": 20.808332577006535,
      "1000,15": 29.248258314478072,
      "1000,16": 47.03046692527659,
      "1000,17": 26.886208931467976,
      "1000,18": 28.054446694305597,
      "1000,19": 22.576551289605185,
      "1000,20": 15.366006482094866,
      "1000,21": 33.79673088309902,
      "1000,22": 18.838395286413935,
      "1000,23": 41.51242216817475,
      "1000,24": 41.78114229696189,
      "1000,25": 71.29739709756673,
      "1000,1000": 0.0,
      "1000,1001": 12.695065332420594,
      "1000,1002": 12.799658890183153,
      "1000,1003": 28.979042724509117,
      "1000,1004": 1.2492433133201142,
      "1000,1005": 3.3380458921140086,
      "1000,1006": 35.97559375171652,
      "1000,1007": 20.221013189844566,
      "1000,1008": 26.76569343371782,
      "1000,1009": 57.354842406251755,
      "1001,1": 66.95710522980868,
      "1001,2": 55.458017195555925,
      "1001,3": 26.411752189290343,
      "1001,4": 17.70624302515219,
      "1001,5": 9.948948542589358,
      "1001,6": 29.095063320862696,
      "1001,7": 11.500976185698596,
      "1001,8": 6.089034723197555,
      "1001,9": 28.175328810113598,
      "1001,10": 65.02569897192288,
      "1001,11": 14.73352384345539,
      "1001,12": 11.380472219283886,
      "1001,13": 18.245650268600322,
      "1001,14": 32.88724102165209,
      "1001,15": 37.257916933962726,
      "1001,16": 53.99386715136075,
      "1001,17": 21.860718839040448,
      "1001,18": 38.755279090162716,
      "1001,19": 35.016326256998255,
      "1001,20": 27.85090372930487,
      "1001,21": 43.665653424474066,
      "1001,22": 11.255029520418894,
      "1001,23": 48.08732130373752,
      "1001,24": 51.600570882237584,
      "1001,25": 83.432218348512,
      "1001,1000": 12.695065332420594,
      "1001,1001": 0.0,
      "1001,1002": 25.492914881601887,
      "1001,1003": 18.866172936781773,
      "1001,1004": 13.9039247535396,
      "1001,1005": 12.235444020914642,
      "1001,1006": 30.359673511006918,
      "1001,1007": 32.90306077636011,
      "1001,1008": 35.76003520787995,
      "1001,1009": 68.18670178168718,
      "1002,1": 45.934554910898434,
      "1002,2": 30.55105519051224,
      "1002,3": 20.752601977860277,
      "1002,4": 10.056422035986897,
      "1002,5": 34.51339639482339,
      "1002,6": 24.482811785134373,
      "1002,7": 36.545090934432295,
      "1002,8": 22.702571019930467,
      "1002,9": 31.535438464776295,
      "1002,10": 45.38567880545575,
      "1002,11": 29.62052240463383,
      "1002,12": 22.783409794382383,
      "1002,13": 16.605161566056736,
      "1002,14": 10.031239974371559,
      "1002,15": 25.087129306137548,
      "1002,16": 42.46785903090581,
      "1002,17": 36.183583806319746,
      "1002,18": 20.086987981198337,
      "1002,19": 10.828507589306163,
      "1002,20": 4.563443634044927,
      "1002,21": 26.13978179808387,
      "1002,22": 30.07513984655829,
      "1002,23": 37.85004787441801,
      "1002,24": 33.61267758672274,
      "1002,25": 59.18810555889183,
      "1002,1000": 12.799658890183153,
      "1002,1001": 25.492914881601887,
      "1002,1002": 0.0,
      "1002,1003": 40.56178945645228,
      "1002,1004": 11.608438121940946,
      "1002,1005": 14.132123717908726,
      "1002,1006": 44.875655623760615,
      "1002,1007": 7.5365313633891935,
      "1002,1008": 21.509381821621037,
      "1002,1009": 47.173385407205785,
      "1003,1": 73.8220141552213,
      "1003,2": 67.51542463859028,
      "1003,3": 30.971370779365945,
      "1003,4": 30.75433624168063,
      "1003,5": 19.35507781295823,
      "1003,6": 47.926596065640595,
      "1003,7": 10.427577377880496,
      "1003,8": 24.9090356975192,
      "1003,9": 46.09958489309034,
      "1003,10": 70.74945332631263,
      "1003,11": 31.35537910524616,
      "1003,12": 30.003553469371493,
      "1003,13": 26.503855957443033,
      "1003,14": 44.99191233215411,
      "1003,15": 41.623344903506684,
      "1003,16": 54.48324549797039,
      "1003,17": 36.77687942640663,
      "1003,18": 56.80706141675755,
      "1003,19": 51.156120720930325,
      "1003,20": 44.01683501659545,
      "1003,21": 50.190452964844646,
      "1003,22": 10.50665252736019,
      "1003,23": 48.59548442897963,
      "1003,24": 57.27377654409413,
      "1003,25": 93.41424969835795,
      "1003,1000": 28.979042724509117,
      "1003,1001": 18.866172936781773,
      "1003,1002": 40.56178945645228,
      "1003,1003": 0.0,
      "1003,1004": 30.195386875086726,
      "1003,1005": 29.923476952570102,
      "1003,1006": 43.361299381318865,
      "1003,1007": 48.03043500690059,
      "1003,1008": 41.91214225503146,
      "1003,1009": 74.96559828329579,
      "1004,1": 55.31395409144844,
      "1004,2": 41.901505202670066,
      "1004,3": 20.25788477538541,
      "1004,4": 6.484358545116079,
      "1004,5": 22.990214351623553,
      "1004,6": 22.97690843718708,
      "1004,7": 25.119505460512112,
      "1004,8": 11.482710274341546,
      "1004,9": 26.75357244606257,
      "1004,10": 54.03201293973504,
      "1004,11": 20.036385580015313,
      "1004,12": 13.071206342272351,
      "1004,13": 12.35297158991081,
      "1004,14": 19.838799819301784,
      "1004,15": 28.956125009478203,
      "1004,16": 46.792969064434686,
      "1004,17": 27.362891969670468,
      "1004,18": 26.914997481917464,
      "1004,19": 21.327481848432527,
      "1004,20": 14.117063889114075,
      "1004,21": 33.20188188402398,
      "1004,22": 20.015434942307667,
      "1004,23": 41.34294817787412,
      "1004,24": 41.1682128234437,
      "1004,25": 70.26307768681673,
      "1004,1000": 1.2492433133201142,
      "1004,1001": 13.9039247535396,
      "1004,1002": 11.608438121940946,
      "1004,1003": 30.195386875086726,
      "1004,1004": 0.0,
      "1004,1005": 3.5674798961856724,
      "1004,1006": 36.43086215930566,
      "1004,1007": 19.0008073590772,
      "1004,1008": 26.34629534789038,
      "1004,1009": 56.558305944352426,
      "1005,1": 58.70779664618335,
      "1005,2": 44.67074380283681,
      "1005,3": 23.539177205002314,
      "1005,4": 10.023946738112425,
      "1005,5": 20.496519767259432,
      "1005,6": 20.654332822715425,
      "1005,7": 23.726075719231183,
      "1005,8": 8.574370170526898,
      "1005,9": 23.589647255917885,
      "1005,10": 57.509173686040555,
      "1005,11": 16.51186871381537,
