{
  "metadata": {
    "source": "Mankowska HCSRP",
    "seed": 1,
    "sigma": 0.15
  },
  "parameters": {
    "p": 10
  },
  "sets": {
    "customers": [
      1,
      2,
      3,
      4,
      5,
      6,
      7,
      8,
      9,
      10,
      11,
      12,
      13,
      14,
      15,
      16,
      17,
      18,
      19,
      20,
      21,
      22,
      23,
      24,
      25,
      26,
      27,
      28,
      29,
      30,
      31,
      32,
      33,
      34,
      35,
      36,
      37,
      38,
      39,
      40,
      41,
      42,
      43,
      44,
      45,
      46,
      47,
      48,
      49,
      50
    ],
    "facilities": [
      1000,
      1001,
      1002,
      1003,
      1004,
      1005,
      1006,
      1007,
      1008,
      1009,
      1010,
      1011,
      1012,
      1013,
      1014,
      1015,
      1016,
      1017,
      1018,
      1019
    ],
    "vehicles": [
      0,
      1,
      2,
      3,
      4,
      5,
      6,
      7,
      8,
      9
    ]
  },
  "coordinates": {
    "customers": {
      "1": {
        "x": 93.0,
        "y": 20.0
      },
      "2": {
        "x": 46.0,
        "y": 13.0
      },
      "3": {
        "x": 97.0,
        "y": 42.0
      },
      "4": {
        "x": 81.0,
        "y": 21.0
      },
      "5": {
        "x": 23.0,
        "y": 5.0
      },
      "6": {
        "x": 91.0,
        "y": 0.0
      },
      "7": {
        "x": 95.0,
        "y": 16.0
      },
      "8": {
        "x": 86.0,
        "y": 31.0
      },
      "9": {
        "x": 73.0,
        "y": 13.0
      },
      "10": {
        "x": 93.0,
        "y": 3.0
      },
      "11": {
        "x": 95.0,
        "y": 10.0
      },
      "12": {
        "x": 35.0,
        "y": 14.0
      },
      "13": {
        "x": 74.0,
        "y": 40.0
      },
      "14": {
        "x": 8.0,
        "y": 9.0
      },
      "15": {
        "x": 48.0,
        "y": 14.0
      },
      "16": {
        "x": 72.0,
        "y": 27.0
      },
      "17": {
        "x": 17.0,
        "y": 16.0
      },
      "18": {
        "x": 10.0,
        "y": 6.0
      },
      "19": {
        "x": 55.0,
        "y": 6.0
      },
      "20": {
        "x": 39.0,
        "y": 38.0
      },
      "21": {
        "x": 92.0,
        "y": 42.0
      },
      "22": {
        "x": 68.0,
        "y": 33.0
      },
      "23": {
        "x": 98.0,
        "y": 30.0
      },
      "24": {
        "x": 41.0,
        "y": 19.0
      },
      "25": {
        "x": 5.0,
        "y": 10.0
      },
      "26": {
        "x": 71.0,
        "y": 11.0
      },
      "27": {
        "x": 81.0,
        "y": 26.0
      },
      "28": {
        "x": 8.0,
        "y": 44.0
      },
      "29": {
        "x": 8.0,
        "y": 11.0
      },
      "30": {
        "x": 60.0,
        "y": 24.0
      },
      "31": {
        "x": 36.0,
        "y": 7.0
      },
      "32": {
        "x": 36.0,
        "y": 6.0
      },
      "33": {
        "x": 90.0,
        "y": 6.0
      },
      "34": {
        "x": 99.0,
        "y": 11.0
      },
      "35": {
        "x": 22.0,
        "y": 31.0
      },
      "36": {
        "x": 68.0,
        "y": 4.0
      },
      "37": {
        "x": 51.0,
        "y": 34.0
      },
      "38": {
        "x": 63.0,
        "y": 25.0
      },
      "39": {
        "x": 79.0,
        "y": 21.0
      },
      "40": {
        "x": 33.0,
        "y": 45.0
      },
      "41": {
        "x": 8.0,
        "y": 16.0
      },
      "42": {
        "x": 88.0,
        "y": 14.0
      },
      "43": {
        "x": 79.0,
        "y": 2.0
      },
      "44": {
        "x": 48.0,
        "y": 44.0
      },
      "45": {
        "x": 37.0,
        "y": 10.0
      },
      "46": {
        "x": 7.0,
        "y": 4.0
      },
      "47": {
        "x": 36.0,
        "y": 16.0
      },
      "48": {
        "x": 23.0,
        "y": 18.0
      },
      "49": {
        "x": 32.0,
        "y": 33.0
      },
      "50": {
        "x": 0.0,
        "y": 0.0
      }
    },
    "facilities": {
      "1000": {
        "x": 85.50891721986922,
        "y": 16.82824945586993
      },
      "1001": {
        "x": 87.78298325557022,
        "y": -0.3759152462357509
      },
      "1002": {
        "x": 73.33198794261227,
        "y": 19.442331511654345
      },
      "1003": {
        "x": 64.58081575149735,
        "y": 34.433833325460704
      },
      "1004": {
        "x": 3.7577518730114416,
        "y": 9.916244827637012
      },
      "1005": {
        "x": 92.66168900515146,
        "y": 24.617330830819686
      },
      "1006": {
        "x": 84.37562074675377,
        "y": 5.192069314754672
      },
      "1007": {
        "x": 28.79563229180971,
        "y": 35.42979410531818
      },
      "1008": {
        "x": 29.751559513251458,
        "y": 6.129086453048668
      },
      "1009": {
        "x": 48.845887258648915,
        "y": 6.718125317894354
      },
      "1010": {
        "x": 97.8508682435213,
        "y": 21.1989305759058
      },
      "1011": {
        "x": 60.41779919611613,
        "y": 29.65390370720258
      },
      "1012": {
        "x": 83.42968815166537,
        "y": 25.223835393905592
      },
      "1013": {
        "x": 101.7288117359892,
        "y": 18.442139999228303
      },
      "1014": {
        "x": 104.60071386548654,
        "y": 33.40611132828142
      },
      "1015": {
        "x": 47.067370218658354,
        "y": 35.75161212287119
      },
      "1016": {
        "x": 42.64958001663715,
        "y": 20.923948368566254
      },
      "1017": {
        "x": 23.105676411592007,
        "y": 19.78004515965103
      },
      "1018": {
        "x": -2.3094833969731674,
        "y": -1.1452005291386467
      },
      "1019": {
        "x": 51.94808495108606,
        "y": 11.286279986015487
      }
    }
  },
  "time_windows": {
    "e": {
      "1": 393.0,
      "2": 60.0,
      "3": 93.0,
      "4": 90.0,
      "5": 46.0,
      "6": 256.0,
      "7": 37.0,
      "8": 208.0,
      "9": 261.0,
      "10": 454.0,
      "11": 43.0,
      "12": 59.0,
      "13": 471.0,
      "14": 408.0,
      "15": 135.0,
      "16": 240.0,
      "17": 286.0,
      "18": 193.0,
      "19": 253.0,
      "20": 118.0,
      "21": 413.0,
      "22": 49.0,
      "23": 315.0,
      "24": 188.0,
      "25": 335.0,
      "26": 109.0,
      "27": 254.0,
      "28": 470.0,
      "29": 188.0,
      "30": 470.0,
      "31": 308.0,
      "32": 182.0,
      "33": 72.0,
      "34": 116.0,
      "35": 157.0,
      "36": 355.0,
      "37": 70.0,
      "38": 190.0,
      "39": 75.0,
      "40": 313.0,
      "41": 299.0,
      "42": 457.0,
      "43": 392.0,
      "44": 252.0,
      "45": 28.0,
      "46": 299.0,
      "47": 438.0,
      "48": 474.0,
      "49": 41.0,
      "50": 43.0
    },
    "l": {
      "1": 513.0,
      "2": 180.0,
      "3": 213.0,
      "4": 210.0,
      "5": 166.0,
      "6": 376.0,
      "7": 157.0,
      "8": 328.0,
      "9": 381.0,
      "10": 574.0,
      "11": 163.0,
      "12": 179.0,
      "13": 591.0,
      "14": 528.0,
      "15": 255.0,
      "16": 360.0,
      "17": 406.0,
      "18": 313.0,
      "19": 373.0,
      "20": 238.0,
      "21": 533.0,
      "22": 169.0,
      "23": 435.0,
      "24": 308.0,
      "25": 455.0,
      "26": 229.0,
      "27": 374.0,
      "28": 590.0,
      "29": 308.0,
      "30": 590.0,
      "31": 428.0,
      "32": 302.0,
      "33": 192.0,
      "34": 236.0,
      "35": 277.0,
      "36": 475.0,
      "37": 190.0,
      "38": 310.0,
      "39": 195.0,
      "40": 433.0,
      "41": 419.0,
      "42": 577.0,
      "43": 512.0,
      "44": 372.0,
      "45": 148.0,
      "46": 419.0,
      "47": 558.0,
      "48": 594.0,
      "49": 161.0,
      "50": 163.0
    }
  },
  "travel_time": {
    "matrix": {
      "1,1": 0.0,
      "1,2": 47.51841748206689,
      "1,3": 22.360679774997898,
      "1,4": 12.041594578792296,
      "1,5": 71.58910531638176,
      "1,6": 20.09975124224178,
      "1,7": 4.47213595499958,
      "1,8": 13.038404810405298,
      "1,9": 21.18962010041709,
      "1,10": 17.0,
      "1,11": 10.198039027185569,
      "1,12": 58.309518948453004,
      "1,13": 27.586228448267445,
      "1,14": 85.70880934886448,
      "1,15": 45.39823785126467,
      "1,16": 22.135943621178654,
      "1,17": 76.10519036176179,
      "1,18": 84.17244204607586,
      "1,19": 40.496913462633174,
      "1,20": 56.92099788303083,
      "1,21": 22.02271554554524,
      "1,22": 28.178005607210743,
      "1,23": 11.180339887498949,
      "1,24": 52.009614495783374,
      "1,25": 88.56635930193812,
      "1,26": 23.769728648009426,
      "1,27": 13.416407864998739,
      "1,28": 88.32326986700618,
      "1,29": 85.47514258543241,
      "1,30": 33.24154027718932,
      "1,31": 58.463663928973865,
      "1,32": 58.69412236331676,
      "1,33": 14.317821063276353,
      "1,34": 10.816653826391969,
      "1,35": 71.84705978674423,
      "1,36": 29.68164415931166,
      "1,37": 44.27188724235731,
      "1,38": 30.4138126514911,
      "1,39": 14.035668847618199,
      "1,40": 65.0,
      "1,41": 85.09406559801923,
      "1,42": 7.810249675906654,
      "1,43": 22.80350850198276,
      "1,44": 51.0,
      "1,45": 56.88585061331157,
      "1,46": 87.47571091451616,
      "1,47": 57.14017850864661,
      "1,48": 70.02856560004639,
      "1,49": 62.369864518050704,
      "1,50": 95.12623192369179,
      "1,1000": 8.134883080472719,
      "1,1001": 21.033192478400498,
      "1,1002": 19.675916558891043,
      "1,1003": 31.874528668162622,
      "1,1004": 89.81013845404732,
      "1,1005": 4.629708233838653,
      "1,1006": 17.136356925637788,
      "1,1007": 66.03241157901944,
      "1,1008": 64.751582734577,
      "1,1009": 46.108501027978576,
      "1,1010": 4.996834722286227,
      "1,1011": 33.982314017920416,
      "1,1012": 10.903179586569916,
      "1,1013": 8.86674021861175,
      "1,1014": 17.728518921082127,
      "1,1015": 48.55841598630639,
      "1,1016": 50.35889666274273,
      "1,1017": 69.89466968240767,
      "1,1018": 97.62692830779523,
      "1,1019": 41.96651815037031,
      "2,1": 47.51841748206689,
      "2,2": 0.0,
      "2,3": 58.66856057549052,
      "2,4": 35.90264614203248,
      "2,5": 24.351591323771842,
      "2,6": 46.84015371452148,
      "2,7": 49.09175083453431,
      "2,8": 43.86342439892262,
      "2,9": 27.0,
      "2,10": 48.05205510693585,
      "2,11": 49.09175083453431,
      "2,12": 11.045361017187261,
      "2,13": 38.897300677553446,
      "2,14": 38.2099463490856,
      "2,15": 2.23606797749979,
      "2,16": 29.5296461204668,
      "2,17": 29.154759474226502,
      "2,18": 36.6742416417845,
      "2,19": 11.40175425099138,
      "2,20": 25.96150997149434,
      "2,21": 54.378304497290095,
      "2,22": 29.732137494637012,
      "2,23": 54.70831746635972,
      "2,24": 7.810249675906654,
      "2,25": 41.10960958218893,
      "2,26": 25.079872407968907,
      "2,27": 37.33630940518894,
      "2,28": 49.040799340956916,
      "2,29": 38.05259518088089,
      "2,30": 17.804493814764857,
      "2,31": 11.661903789690601,
      "2,32": 12.206555615733702,
      "2,33": 44.553338819890925,
      "2,34": 53.03772242470448,
      "2,35": 30.0,
      "2,36": 23.769728648009426,
      "2,37": 21.587033144922902,
      "2,38": 20.808652046684813,
      "2,39": 33.95585369269929,
      "2,40": 34.539832078341085,
      "2,41": 38.118237105091836,
      "2,42": 42.01190307520001,
      "2,43": 34.785054261852174,
      "2,44": 31.064449134018133,
      "2,45": 9.486832980505138,
      "2,46": 40.024992192379,
      "2,47": 10.44030650891055,
      "2,48": 23.53720459187964,
      "2,49": 24.413111231467404,
      "2,50": 47.80167361086848,
      "2,1000": 39.69395462514219,
      "2,1001": 43.87177678655998,
      "2,1002": 28.08097577010381,
      "2,1003": 28.36645774527941,
      "2,1004": 42.354658218254386,
      "2,1005": 48.086126860521695,
      "2,1006": 39.16186983896803,
      "2,1007": 28.268108034419054,
      "2,1008": 17.64146454297626,
      "2,1009": 6.896450087590002,
      "2,1010": 52.49509501082486,
      "2,1011": 22.02783335574116,
      "2,1012": 39.375166118611084,
      "2,1013": 55.99390453680229,
      "2,1014": 62.05201886390838,
      "2,1015": 22.776635690401204,
      "2,1016": 8.603154759308989,
      "2,1017": 23.877166183147487,
      "2,1018": 50.33778783470694,
      "2,1019": 6.190036419252114,
      "3,1": 22.360679774997898,
      "3,2": 58.66856057549052,
      "3,3": 0.0,
      "3,4": 26.40075756488817,
      "3,5": 82.73451516749222,
      "3,6": 42.42640687119285,
      "3,7": 26.076809620810597,
      "3,8": 15.556349186104045,
      "3,9": 37.64306044943742,
      "3,10": 39.20459156782532,
      "3,11": 32.0624390837628,
      "3,12": 68.0294054067798,
      "3,13": 23.08679276123039,
      "3,14": 94.92101980067429,
      "3,15": 56.43580423808985,
      "3,16": 29.154759474226502,
      "3,17": 84.11896337925236,
      "3,18": 94.15412895885129,
      "3,19": 55.31726674375732,
      "3,20": 58.137767414994535,
      "3,21": 5.0,
      "3,22": 30.364452901377952,
      "3,23": 12.041594578792296,
      "3,24": 60.53924347066124,
      "3,25": 97.40636529508737,
      "3,26": 40.45985664828782,
      "3,27": 22.627416997969522,
      "3,28": 89.02246907382428,
      "3,29": 94.2443632266673,
      "3,30": 41.14608122288197,
      "3,31": 70.32780389006896,
      "3,32": 70.83078426785913,
      "3,33": 36.6742416417845,
      "3,34": 31.064449134018133,
      "3,35": 75.8023746329889,
      "3,36": 47.80167361086848,
      "3,37": 46.69047011971501,
      "3,38": 38.01315561749642,
      "3,39": 27.65863337187866,
      "3,40": 64.07027391856539,
      "3,41": 92.72000862812729,
      "3,42": 29.410882339705484,
      "3,43": 43.86342439892262,
      "3,44": 49.040799340956916,
      "3,45": 68.0,
      "3,46": 97.6933979345585,
      "3,47": 66.30987860040162,
      "3,48": 77.79460135510689,
      "3,49": 65.62011886609167,
      "3,50": 105.70241246064349,
      "3,1000": 27.670598275348702,
      "3,1001": 43.36671062719946,
      "3,1002": 32.695920271170735,
      "3,1003": 33.29039479317227,
      "3,1004": 98.60772881338983,
      "3,1005": 17.915862517143726,
      "3,1006": 38.91270631631291,
      "3,1007": 68.52009471660516,
      "3,1008": 76.21728928919353,
      "3,1009": 59.69614103935495,
      "3,1010": 20.818464543616557,
      "3,1011": 38.60937074502391,
      "3,1012": 21.57760557967046,
      "3,1013": 24.02778450565903,
      "3,1014": 11.472827627350298,
      "3,1015": 50.32206144370058,
      "3,1016": 58.29380845972228,
      "3,1017": 77.16279836615243,
      "3,1018": 108.2768757458086,
      "3,1019": 54.52529364131835,
      "4,1": 12.041594578792296,
      "4,2": 35.90264614203248,
      "4,3": 26.40075756488817,
      "4,4": 0.0,
      "4,5": 60.166435825965294,
      "4,6": 23.259406699226016,
      "4,7": 14.866068747318506,
      "4,8": 11.180339887498949,
      "4,9": 11.313708498984761,
      "4,10": 21.633307652783937,
      "4,11": 17.804493814764857,
      "4,12": 46.52956049652737,
      "4,13": 20.248456731316587,
      "4,14": 73.97972695272672,
      "4,15": 33.734255586866,
      "4,16": 10.816653826391969,
      "4,17": 64.19501538281614,
      "4,18": 72.56721022610694,
      "4,19": 30.01666203960727,
      "4,20": 45.31004303683677,
      "4,21": 23.706539182259394,
      "4,22": 17.69180601295413,
      "4,23": 19.235384061671343,
      "4,24": 40.049968789001575,
      "4,25": 76.79192665899195,
      "4,26": 14.142135623730951,
      "4,27": 5.0,
      "4,28": 76.53757247260981,
      "4,29": 73.68174807915459,
      "4,30": 21.213203435596427,
      "4,31": 47.12748667179272,
      "4,32": 47.43416490252569,
      "4,33": 17.4928556845359,
      "4,34": 20.591260281974,
      "4,35": 59.841457201508724,
      "4,36": 21.400934559032695,
      "4,37": 32.69556544854363,
      "4,38": 18.439088914585774,
      "4,39": 2.0,
      "4,40": 53.665631459994955,
      "4,41": 73.17103251970687,
      "4,42": 9.899494936611665,
      "4,43": 19.1049731745428,
      "4,44": 40.22437072223753,
      "4,45": 45.35416188179427,
      "4,46": 75.92759709091287,
      "4,47": 45.27692569068709,
      "4,48": 58.077534382926416,
      "4,49": 50.44799302251776,
      "4,50": 83.67795408588812,
      "4,1000": 6.142787404597582,
      "4,1001": 22.426292927267312,
      "4,1002": 7.824623954659329,
      "4,1003": 21.214558425820133,
      "4,1004": 78.03341927938408,
      "4,1005": 12.20983508457297,
      "4,1006": 16.164327637592454,
      "4,1007": 54.16193281017412,
      "4,1008": 53.36240926012157,
      "4,1009": 35.183219162249586,
      "4,1010": 16.852042426202974,
      "4,1011": 22.327495141751402,
      "4,1012": 4.8727989850960105,
      "4,1013": 20.886030828513857,
      "4,1014": 26.662807302500635,
      "4,1015": 37.000451674286815,
      "4,1016": 38.35049539120662,
      "4,1017": 57.90717566564428,
      "4,1018": 86.20255176238294,
      "4,1019": 30.632827563243254,
      "5,1": 71.58910531638176,
      "5,2": 24.351591323771842,
      "5,3": 82.73451516749222,
      "5,4": 60.166435825965294,
      "5,5": 0.0,
      "5,6": 68.18357573492314,
      "5,7": 72.83543093852057,
      "5,8": 68.15423684555495,
      "5,9": 50.635955604688654,
      "5,10": 70.02856560004639,
      "5,11": 72.17340230306452,
      "5,12": 15.0,
      "5,13": 61.85466837676846,
      "5,14": 15.524174696260024,
      "5,15": 26.570660511172846,
      "5,16": 53.71219600798314,
      "5,17": 12.529964086141668,
      "5,18": 13.038404810405298,
      "5,19": 32.01562118716424,
      "5,20": 36.6742416417845,
      "5,21": 78.29431652425353,
      "5,22": 53.0,
      "5,23": 79.05694150420949,
      "5,24": 22.80350850198276,
      "5,25": 18.681541692269406,
      "5,26": 48.373546489791295,
      "5,27": 61.68468205316454,
      "5,28": 41.78516483155236,
      "5,29": 16.15549442140351,
      "5,30": 41.593268686170845,
      "5,31": 13.152946437965905,
      "5,32": 13.038404810405298,
      "5,33": 67.00746227100382,
      "5,34": 76.23647421018367,
      "5,35": 26.019223662515376,
      "5,36": 45.0111097397076,
      "5,37": 40.311288741492746,
      "5,38": 44.721359549995796,
      "5,39": 58.240879114244144,
      "5,40": 41.23105625617661,
      "5,41": 18.601075237738275,
      "5,42": 65.62011886609167,
      "5,43": 56.08029957123981,
      "5,44": 46.32493928760188,
      "5,45": 14.866068747318506,
      "5,46": 16.0312195418814,
      "5,47": 17.029386365926403,
      "5,48": 13.0,
      "5,49": 29.410882339705484,
      "5,50": 23.53720459187964,
      "5,1000": 63.61817521110417,
      "5,1001": 65.00565655561215,
      "5,1002": 52.36305901824101,
      "5,1003": 50.94423208559505,
      "5,1004": 19.860351864603565,
      "5,1005": 72.37119996225204,
      "5,1006": 61.3759212775745,
      "5,1007": 30.976793296820194,
      "5,1008": 6.84531899033451,
      "5,1009": 25.90293116222139,
      "5,1010": 76.58366554698203,
      "5,1011": 44.80967155296818,
      "5,1012": 63.7240200250056,
      "5,1013": 79.86812208334239,
      "5,1014": 86.40360909216538,
      "5,1015": 39.04996744425635,
      "5,1016": 25.291858897182507,
      "5,1017": 14.78042294473642,
      "5,1018": 26.044835176383557,
      "5,1019": 29.622777357936478,
      "6,1": 20.09975124224178,
      "6,2": 46.84015371452148,
      "6,3": 42.42640687119285,
      "6,4": 23.259406699226016,
      "6,5": 68.18357573492314,
      "6,6": 0.0,
      "6,7": 16.492422502470642,
      "6,8": 31.400636936215164,
      "6,9": 22.20360331117452,
      "6,10": 3.605551275463989,
      "6,11": 10.770329614269007,
      "6,12": 57.723478758647246,
      "6,13": 43.46262762420146,
      "6,14": 83.48652585896721,
      "6,15": 45.221676218380054,
      "6,16": 33.015148038438355,
      "6,17": 75.7099729229908,
      "6,18": 81.2219182240853,
      "6,19": 36.49657518178932,
      "6,20": 64.40496875241847,
      "6,21": 42.01190307520001,
      "6,22": 40.22437072223753,
      "6,23": 30.805843601498726,
      "6,24": 53.48831648126533,
      "6,25": 86.57944328765345,
      "6,26": 22.825424421026653,
      "6,27": 27.85677655436824,
      "6,28": 93.94147114027967,
      "6,29": 83.72574275573791,
      "6,30": 39.20459156782532,
      "6,31": 55.44366510251645,
      "6,32": 55.326304774492215,
      "6,33": 6.082762530298219,
      "6,34": 13.601470508735444,
      "6,35": 75.64390259630977,
      "6,36": 23.345235059857504,
      "6,37": 52.49761899362675,
      "6,38": 37.53664875824692,
      "6,39": 24.186773244895647,
      "6,40": 73.40980860893181,
      "6,41": 84.52810183601665,
      "6,42": 14.317821063276353,
      "6,43": 12.165525060596439,
      "6,44": 61.5223536610881,
      "6,45": 54.91812087098393,
      "6,46": 84.09518416651456,
      "6,47": 57.28001396647874,
      "6,48": 70.3420215802759,
      "6,49": 67.60177512462228,
      "6,50": 91.0,
      "6,1000": 17.701468013903124,
      "6,1001": 3.238905525990855,
      "6,1002": 26.27095172750819,
      "6,1003": 43.4011771020319,
      "6,1004": 87.80399631982975,
      "6,1005": 24.67334974388088,
      "6,1006": 8.416649229952272,
      "6,1007": 71.58668641808326,
      "6,1008": 61.554343167706065,
      "6,1009": 42.68609174892298,
      "6,1010": 22.278443690082177,
      "6,1011": 42.59841559360064,
      "6,1012": 26.335365831138176,
      "6,1013": 21.335883600578534,
      "6,1014": 36.0686524800743,
      "6,1015": 56.641448859370264,
      "6,1016": 52.68372355764159,
      "6,1017": 70.71696657836284,
      "6,1018": 93.31651073664268,
      "6,1019": 40.6501191254137,
      "7,1": 4.47213595499958,
      "7,2": 49.09175083453431,
      "7,3": 26.076809620810597,
      "7,4": 14.866068747318506,
      "7,5": 72.83543093852057,
      "7,6": 16.492422502470642,
      "7,7": 0.0,
      "7,8": 17.4928556845359,
      "7,9": 22.20360331117452,
      "7,10": 13.152946437965905,
      "7,11": 6.0,
      "7,12": 60.03332407921454,
      "7,13": 31.89043743820395,
      "7,14": 87.28115489611719,
      "7,15": 47.042533945356304,
      "7,16": 25.495097567963924,
      "7,17": 78.0,
      "7,18": 85.58621384311844,
      "7,19": 41.23105625617661,
      "7,20": 60.166435825965294,
      "7,21": 26.1725046566048,
      "7,22": 31.906112267087632,
      "7,23": 14.317821063276353,
      "7,24": 54.08326913195984,
      "7,25": 90.19977827023745,
      "7,26": 24.515301344262525,
      "7,27": 17.204650534085253,
      "7,28": 91.39474820797966,
      "7,29": 87.14355971613737,
      "7,30": 35.90264614203248,
      "7,31": 59.682493245507096,
      "7,32": 59.841457201508724,
      "7,33": 11.180339887498949,
      "7,34": 6.4031242374328485,
      "7,35": 74.52516353554684,
      "7,36": 29.546573405388315,
      "7,37": 47.53945729601885,
      "7,38": 33.24154027718932,
      "7,39": 16.76305461424021,
      "7,40": 68.4470598345904,
      "7,41": 87.0,
      "7,42": 7.280109889280518,
      "7,43": 21.2602916254693,
      "7,44": 54.70831746635972,
      "7,45": 58.309518948453004,
      "7,46": 88.81441324469807,
      "7,47": 59.0,
      "7,48": 72.02777242147643,
      "7,49": 65.25335240430181,
      "7,50": 96.33794683301072,
      "7,1000": 9.527153273693242,
      "7,1001": 17.89569587474252,
      "7,1002": 21.939744591841276,
      "7,1003": 35.56870789634081,
      "7,1004": 91.44484632970958,
      "7,1005": 8.92894668795962,
      "7,1006": 15.155487462100204,
      "7,1007": 68.99663182080938,
      "7,1008": 65.99086239930611,
      "7,1009": 47.078183063449465,
      "7,1010": 5.929277264136536,
      "7,1011": 37.18007125982556,
      "7,1012": 14.797001576048377,
      "7,1013": 7.158278784331941,
      "7,1014": 19.87829012514588,
      "7,1015": 51.84267719946099,
      "7,1016": 52.58147715660699,
      "7,1017": 71.99362822947401,
      "7,1018": 98.80836735909652,
      "7,1019": 43.30919701113311,
      "8,1": 13.038404810405298,
      "8,2": 43.86342439892262,
      "8,3": 15.556349186104045,
      "8,4": 11.180339887498949,
      "8,5": 68.15423684555495,
      "8,6": 31.400636936215164,
      "8,7": 17.4928556845359,
      "8,8": 0.0,
      "8,9": 22.20360331117452,
      "8,10": 28.861739379323623,
      "8,11": 22.847319317591726,
      "8,12": 53.75872022286245,
      "8,13": 15.0,
      "8,14": 81.04319835741924,
      "8,15": 41.6293165929973,
      "8,16": 14.560219778561036,
      "8,17": 70.61161377563892,
      "8,18": 80.00624975587844,
      "8,19": 39.824615503479755,
      "8,20": 47.51841748206689,
      "8,21": 12.529964086141668,
      "8,22": 18.110770276274835,
      "8,23": 12.041594578792296,
      "8,24": 46.57252408878007,
      "8,25": 83.67795408588812,
      "8,26": 25.0,
      "8,27": 7.0710678118654755,
      "8,28": 79.07591289387686,
      "8,29": 80.52328855678958,
      "8,30": 26.92582403567252,
      "8,31": 55.46169849544819,
      "8,32": 55.90169943749474,
      "8,33": 25.317977802344327,
      "8,34": 23.853720883753127,
      "8,35": 64.0,
      "8,36": 32.449961479175904,
      "8,37": 35.12833614050059,
      "8,38": 23.769728648009426,
      "8,39": 12.206555615733702,
      "8,40": 54.817880294662984,
      "8,41": 79.42921376924235,
      "8,42": 17.11724276862369,
      "8,43": 29.832867780352597,
      "8,44": 40.162171256046406,
      "8,45": 53.31041174104736,
      "8,46": 83.48652585896721,
      "8,47": 52.20153254455275,
      "8,48": 64.32728814430156,
      "8,49": 54.037024344425184,
      "8,50": 91.4166286842826,
      "8,1000": 14.180256548525204,
      "8,1001": 31.426534756931325,
      "8,1002": 17.14812614755965,
      "8,1003": 21.69268690546075,
      "8,1004": 84.90177918718368,
      "8,1005": 9.225863977133022,
      "8,1006": 25.859000255477863,
      "8,1007": 57.37562863018893,
      "8,1008": 61.501621099376074,
      "8,1009": 44.38510484018834,
      "8,1010": 15.378687849787966,
      "8,1011": 25.61759108893183,
      "8,1012": 6.322229081138007,
      "8,1013": 20.126981055915298,
      "8,1014": 18.7556905505979,
      "8,1015": 39.22151806670959,
      "8,1016": 44.50601902229926,
      "8,1017": 63.88727045556763,
      "8,1018": 93.97807603318347,
      "8,1019": 39.3467111114541,
      "9,1": 21.18962010041709,
      "9,2": 27.0,
      "9,3": 37.64306044943742,
      "9,4": 11.313708498984761,
      "9,5": 50.635955604688654,
      "9,6": 22.20360331117452,
      "9,7": 22.20360331117452,
      "9,8": 22.20360331117452,
      "9,9": 0.0,
      "9,10": 22.360679774997898,
      "9,11": 22.20360331117452,
      "9,12": 38.01315561749642,
      "9,13": 27.018512172212592,
      "9,14": 65.12296062065974,
      "9,15": 25.019992006393608,
      "9,16": 14.035668847618199,
      "9,17": 56.08029957123981,
      "9,18": 63.387695966961914,
      "9,19": 19.313207915827967,
      "9,20": 42.20189569201838,
      "9,21": 34.66987164671943,
      "9,22": 20.615528128088304,
      "9,23": 30.23243291566195,
      "9,24": 32.55764119219941,
      "9,25": 68.06614430096654,
      "9,26": 2.8284271247461903,
      "9,27": 15.264337522473747,
      "9,28": 72.01388754955533,
      "9,29": 65.03076195155643,
      "9,30": 17.029386365926403,
      "9,31": 37.48332962798263,
      "9,32": 37.656340767525464,
      "9,33": 18.384776310850235,
      "9,34": 26.076809620810597,
      "9,35": 54.08326913195984,
      "9,36": 10.295630140987,
      "9,37": 30.4138126514911,
      "9,38": 15.620499351813308,
      "9,39": 10.0,
      "9,40": 51.22499389946279,
      "9,41": 65.06919393998976,
      "9,42": 15.033296378372908,
      "9,43": 12.529964086141668,
      "9,44": 39.824615503479755,
      "9,45": 36.124783736376884,
      "9,46": 66.61080993352356,
      "9,47": 37.12142238654117,
      "9,48": 50.24937810560445,
      "9,49": 45.617978911828175,
      "9,50": 74.14849964766651,
      "9,1000": 13.081609377668677,
      "9,1001": 19.936190774793246,
      "9,1002": 6.45087988572834,
      "9,1003": 23.028067101558154,
      "9,1004": 69.31088277927591,
      "9,1005": 22.837346390682246,
      "9,1006": 13.797410226545065,
      "9,1007": 49.56936340208398,
      "9,1008": 43.79083303050434,
      "9,1009": 24.957626326307132,
      "9,1010": 26.168456489548227,
      "9,1011": 20.872572571631697,
      "9,1012": 16.06861993695439,
      "9,1013": 29.239724888122858,
      "9,1014": 37.616678433250435,
      "9,1015": 34.498364331743424,
      "9,1016": 31.3677693008957,
      "9,1017": 50.35288014316235,
      "9,1018": 76.6263987639281,
      "9,1019": 21.121552109469143,
      "10,1": 17.0,
      "10,2": 48.05205510693585,
      "10,3": 39.20459156782532,
      "10,4": 21.633307652783937,
      "10,5": 70.02856560004639,
      "10,6": 3.605551275463989,
      "10,7": 13.152946437965905,
      "10,8": 28.861739379323623,
      "10,9": 22.360679774997898,
      "10,10": 0.0,
      "10,11": 7.280109889280518,
      "10,12": 59.033888572581766,
      "10,13": 41.593268686170845,
      "10,14": 85.21150157109074,
      "10,15": 46.32493928760188,
      "10,16": 31.89043743820395,
      "10,17": 77.10382610480494,
      "10,18": 83.05419917138447,
      "10,19": 38.118237105091836,
      "10,20": 64.35060217278468,
      "10,21": 39.01281840626232,
      "10,22": 39.05124837953327,
      "10,23": 27.459060435491963,
      "10,24": 54.405882034941776,
      "10,25": 88.2779700718135,
      "10,26": 23.40939982143925,
      "10,27": 25.942243542145693,
      "10,28": 94.37160589923221,
      "10,29": 85.37564055396598,
      "10,30": 39.11521443121589,
      "10,31": 57.14017850864661,
      "10,32": 57.07889277132134,
      "10,33": 4.242640687119285,
      "10,34": 10.0,
      "10,35": 76.32168761236873,
      "10,36": 25.019992006393608,
      "10,37": 52.20153254455275,
      "10,38": 37.20215047547655,
      "10,39": 22.80350850198276,
      "10,40": 73.23933369440222,
      "10,41": 85.98837130682264,
      "10,42": 12.083045973594572,
      "10,43": 14.035668847618199,
      "10,44": 60.876925020897694,
      "10,45": 56.43580423808985,
      "10,46": 86.00581375697809,
      "10,47": 58.463663928973865,
      "10,48": 71.58910531638176,
      "10,49": 67.97793759742936,
      "10,50": 93.04837451562494,
      "10,1000": 15.72694516530591,
      "10,1001": 6.214021842689945,
      "10,1002": 25.635541028593302,
      "10,1003": 42.37612430229061,
      "10,1004": 89.50985025836435,
      "10,1005": 21.619977950459216,
      "10,1006": 8.89860019241864,
      "10,1007": 71.92977393626256,
      "10,1008": 63.32579573946485,
      "10,1009": 44.31038397323486,
      "10,1010": 18.834330272739788,
      "10,1011": 42.09549135070689,
      "10,1012": 24.196895017538615,
      "10,1013": 17.738428399328658,
      "10,1014": 32.54394211365205,
      "10,1015": 56.41342548788184,
      "10,1016": 53.44560522269398,
      "10,1017": 71.88036161178526,
      "10,1018": 95.39958235141637,
      "10,1019": 41.87985392990152,
      "11,1": 10.198039027185569,
      "11,2": 49.09175083453431,
      "11,3": 32.0624390837628,
      "11,4": 17.804493814764857,
      "11,5": 72.17340230306452,
      "11,6": 10.770329614269007,
      "11,7": 6.0,
      "11,8": 22.847319317591726,
      "11,9": 22.20360331117452,
      "11,10": 7.280109889280518,
      "11,11": 0.0,
      "11,12": 60.13318551349163,
      "11,13": 36.61966684720111,
      "11,14": 87.00574693662483,
      "11,15": 47.16990566028302,
      "11,16": 28.600699292150182,
      "11,17": 78.23042886243178,
      "11,18": 85.09406559801923,
      "11,19": 40.19950248448356,
      "11,20": 62.609903369994115,
      "11,21": 32.14031735997639,
      "11,22": 35.4682957019364,
      "11,23": 20.223748416156685,
      "11,24": 54.74486277268398,
      "11,25": 90.0,
      "11,26": 24.020824298928627,
      "11,27": 21.2602916254693,
      "11,28": 93.40770846134703,
      "11,29": 87.00574693662483,
      "11,30": 37.69615364994153,
      "11,31": 59.07622195096772,
      "11,32": 59.135437767890075,
      "11,33": 6.4031242374328485,
      "11,34": 4.123105625617661,
      "11,35": 75.96051605933177,
      "11,36": 27.65863337187866,
      "11,37": 50.11985634456667,
      "11,38": 35.34119409414458,
      "11,39": 19.4164878389476,
      "11,40": 71.19691004531025,
      "11,41": 87.20665112249179,
      "11,42": 8.06225774829855,
      "11,43": 17.88854381999832,
      "11,44": 58.008620049092706,
      "11,45": 58.0,
      "11,46": 88.20430828479978,
      "11,47": 59.30430001273095,
      "11,48": 72.44308110509934,
      "11,49": 67.06713054842886,
      "11,50": 95.524865872714,
      "11,1000": 11.692118840094084,
      "11,1001": 12.639024799661064,
      "11,1002": 23.635997353508916,
      "11,1003": 39.01716265082259,
      "11,1004": 91.24228656821268,
      "11,1005": 14.803177325367054,
      "11,1006": 11.6616307603582,
      "11,1007": 70.92032664814894,
      "11,1008": 65.36316208416433,
      "11,1009": 46.270647546478024,
      "11,1010": 11.556102101741574,
      "11,1011": 39.77693481619892,
      "11,1012": 19.121644290396297,
      "11,1013": 10.795676687681805,
      "11,1014": 25.29861170576064,
      "11,1015": 54.412154199976,
      "11,1016": 53.478024649322805,
      "11,1017": 72.55648177495605,
      "11,1018": 97.94565357288964,
      "11,1019": 43.07112612390494,
      "12,1": 58.309518948453004,
      "12,2": 11.045361017187261,
      "12,3": 68.0294054067798,
      "12,4": 46.52956049652737,
      "12,5": 15.0,
      "12,6": 57.723478758647246,
      "12,7": 60.03332407921454,
      "12,8": 53.75872022286245,
      "12,9": 38.01315561749642,
      "12,10": 59.033888572581766,
      "12,11": 60.13318551349163,
      "12,12": 0.0,
      "12,13": 46.87216658103186,
      "12,14": 27.459060435491963,
      "12,15": 13.0,
      "12,16": 39.21734310225516,
      "12,17": 18.110770276274835,
      "12,18": 26.248809496813376,
      "12,19": 21.540659228538015,
      "12,20": 24.331050121192877,
      "12,21": 63.50590523722971,
      "12,22": 38.07886552931954,
      "12,23": 65.0,
      "12,24": 7.810249675906654,
      "12,25": 30.265491900843113,
      "12,26": 36.124783736376884,
      "12,27": 47.53945729601885,
      "12,28": 40.36087214122113,
      "12,29": 27.16615541441225,
      "12,30": 26.92582403567252,
      "12,31": 7.0710678118654755,
      "12,32": 8.06225774829855,
      "12,33": 55.57877292636101,
      "12,34": 64.07027391856539,
      "12,35": 21.400934559032695,
      "12,36": 34.48187929913333,
      "12,37": 25.612496949731394,
      "12,38": 30.083217912982647,
      "12,39": 44.553338819890925,
      "12,40": 31.064449134018133,
      "12,41": 27.073972741361768,
      "12,42": 53.0,
      "12,43": 45.60701700396552,
      "12,44": 32.69556544854363,
      "12,45": 4.47213595499958,
      "12,46": 29.732137494637012,
      "12,47": 2.23606797749979,
      "12,48": 12.649110640673518,
      "12,49": 19.235384061671343,
      "12,50": 37.69615364994153,
      "12,1000": 50.58803923565559,
      "12,1001": 54.70566936364785,
      "12,1002": 38.71640830339662,
      "12,1003": 35.95227676930548,
      "12,1004": 31.508016826454206,
      "12,1005": 58.63103353086895,
      "12,1006": 50.15507518769509,
      "12,1007": 22.309868983361696,
      "12,1008": 9.460306950967462,
      "12,1009": 15.643985836899354,
      "12,1010": 63.261807122474664,
      "12,1011": 29.85145251488531,
      "12,1012": 49.71326961101075,
      "12,1013": 66.8765050183533,
      "12,1014": 72.25549479085298,
      "12,1015": 24.87476741475183,
      "12,1016": 10.317806716618884,
      "12,1017": 13.224365983795371,
      "12,1018": 40.26629670601504,
      "12,1019": 17.163969815387404,
      "13,1": 27.586228448267445,
      "13,2": 38.897300677553446,
      "13,3": 23.08679276123039,
      "13,4": 20.248456731316587,
      "13,5": 61.85466837676846,
      "13,6": 43.46262762420146,
      "13,7": 31.89043743820395,
      "13,8": 15.0,
      "13,9": 27.018512172212592,
      "13,10": 41.593268686170845,
      "13,11": 36.61966684720111,
      "13,12": 46.87216658103186,
      "13,13": 0.0,
      "13,14": 72.91776189653656,
      "13,15": 36.76955262170047,
      "13,16": 13.152946437965905,
      "13,17": 61.84658438426491,
      "13,18": 72.47068372797375,
      "13,19": 38.948684188300895,
      "13,20": 35.05709628591621,
      "13,21": 18.110770276274835,
      "13,22": 9.219544457292887,
      "13,23": 26.0,
      "13,24": 39.11521443121589,
      "13,25": 75.23961722390672,
      "13,26": 29.154759474226502,
      "13,27": 15.652475842498529,
      "13,28": 66.12110101926616,
      "13,29": 72.09022125087424,
      "13,30": 21.2602916254693,
      "13,31": 50.32891812864648,
      "13,32": 50.99019513592785,
      "13,33": 37.57658845611187,
      "13,34": 38.28837943815329,
      "13,35": 52.773099207835045,
      "13,36": 36.49657518178932,
      "13,37": 23.769728648009426,
      "13,38": 18.601075237738275,
      "13,39": 19.6468827043885,
      "13,40": 41.30375285612676,
      "13,41": 70.22819946431775,
      "13,42": 29.5296461204668,
      "13,43": 38.3275357934736,
      "13,44": 26.30589287593181,
      "13,45": 47.634021455258214,
      "13,46": 76.05918747922567,
      "13,47": 44.94441010848846,
      "13,48": 55.54277630799526,
      "13,49": 42.579337712087536,
      "13,50": 84.11896337925236,
      "13,1000": 25.872479565229042,
      "13,1001": 42.66362806178749,
      "13,1002": 20.568518998351227,
      "13,1003": 10.940897739947678,
      "13,1004": 76.41338722504129,
      "13,1005": 24.184398840852783,
      "13,1006": 36.32141991262608,
      "13,1007": 45.434806501371405,
      "13,1008": 55.723991870776615,
      "13,1009": 41.71825224239368,
      "13,1010": 30.370118989879227,
      "13,1011": 17.07389490353212,
      "13,1012": 17.528663928093764,
      "13,1013": 35.12304554139354,
      "13,1014": 31.303083824000453,
      "13,1015": 27.265644068925752,
      "13,1016": 36.69801873369137,
      "13,1017": 54.763845256403734,
      "13,1018": 86.69524083187008,
      "13,1019": 36.20448417483685,
      "14,1": 85.70880934886448,
      "14,2": 38.2099463490856,
      "14,3": 94.92101980067429,
      "14,4": 73.97972695272672,
      "14,5": 15.524174696260024,
      "14,6": 83.48652585896721,
      "14,7": 87.28115489611719,
      "14,8": 81.04319835741924,
      "14,9": 65.12296062065974,
      "14,10": 85.21150157109074,
      "14,11": 87.00574693662483,
      "14,12": 27.459060435491963,
      "14,13": 72.91776189653656,
      "14,14": 0.0,
      "14,15": 40.311288741492746,
      "14,16": 66.48308055437865,
      "14,17": 11.40175425099138,
      "14,18": 3.605551275463989,
      "14,19": 47.095647357266465,
      "14,20": 42.44997055358225,
      "14,21": 90.24965373894794,
      "14,22": 64.62197768561404,
      "14,23": 92.41753080449618,
      "14,24": 34.48187929913333,
      "14,25": 3.1622776601683795,
      "14,26": 63.0317380372777,
      "14,27": 74.95331880577403,
      "14,28": 35.0,
      "14,29": 2.0,
      "14,30": 54.120236510939236,
      "14,31": 28.071337695236398,
      "14,32": 28.160255680657446,
      "14,33": 82.05485969764375,
      "14,34": 91.02197536858887,
      "14,35": 26.076809620810597,
      "14,36": 60.207972893961475,
      "14,37": 49.73932046178355,
      "14,38": 57.28001396647874,
      "14,39": 72.00694410957877,
      "14,40": 43.829214001622255,
      "14,41": 7.0,
      "14,42": 80.15609770940699,
      "14,43": 71.34423592694787,
      "14,44": 53.150729063673246,
      "14,45": 29.017236257093817,
      "14,46": 5.0990195135927845,
      "14,47": 28.861739379323623,
      "14,48": 17.4928556845359,
      "14,49": 33.94112549695428,
      "14,50": 12.041594578792296,
      "14,1000": 77.90323316871942,
      "14,1001": 80.33201232300354,
      "14,1002": 66.16124950401802,
      "14,1003": 62.03441455137791,
      "14,1004": 4.340066100315698,
