{
  "metadata": {
    "source": "Mankowska HCSRP",
    "seed": 1,
    "sigma": 0.15
  },
  "parameters": {
    "p": 10
  },
  "sets": {
    "customers": [
      1,
      2,
      3,
      4,
      5,
      6,
      7,
      8,
      9,
      10,
      11,
      12,
      13,
      14,
      15,
      16,
      17,
      18,
      19,
      20,
      21,
      22,
      23,
      24,
      25,
      26,
      27,
      28,
      29,
      30,
      31,
      32,
      33,
      34,
      35,
      36,
      37,
      38,
      39,
      40,
      41,
      42,
      43,
      44,
      45,
      46,
      47,
      48,
      49,
      50
    ],
    "facilities": [
      1000,
      1001,
      1002,
      1003,
      1004,
      1005,
      1006,
      1007,
      1008,
      1009,
      1010,
      1011,
      1012,
      1013,
      1014,
      1015,
      1016,
      1017,
      1018,
      1019
    ],
    "vehicles": [
      0,
      1,
      2,
      3,
      4,
      5,
      6,
      7,
      8,
      9
    ]
  },
  "coordinates": {
    "customers": {
      "1": {
        "x": 47.0,
        "y": 32.0
      },
      "2": {
        "x": 54.0,
        "y": 44.0
      },
      "3": {
        "x": 34.0,
        "y": 25.0
      },
      "4": {
        "x": 78.0,
        "y": 44.0
      },
      "5": {
        "x": 69.0,
        "y": 24.0
      },
      "6": {
        "x": 17.0,
        "y": 8.0
      },
      "7": {
        "x": 62.0,
        "y": 43.0
      },
      "8": {
        "x": 92.0,
        "y": 3.0
      },
      "9": {
        "x": 96.0,
        "y": 47.0
      },
      "10": {
        "x": 76.0,
        "y": 17.0
      },
      "11": {
        "x": 10.0,
        "y": 30.0
      },
      "12": {
        "x": 74.0,
        "y": 1.0
      },
      "13": {
        "x": 98.0,
        "y": 33.0
      },
      "14": {
        "x": 37.0,
        "y": 7.0
      },
      "15": {
        "x": 5.0,
        "y": 16.0
      },
      "16": {
        "x": 0.0,
        "y": 27.0
      },
      "17": {
        "x": 63.0,
        "y": 45.0
      },
      "18": {
        "x": 89.0,
        "y": 0.0
      },
      "19": {
        "x": 75.0,
        "y": 19.0
      },
      "20": {
        "x": 15.0,
        "y": 8.0
      },
      "21": {
        "x": 77.0,
        "y": 3.0
      },
      "22": {
        "x": 77.0,
        "y": 40.0
      },
      "23": {
        "x": 20.0,
        "y": 26.0
      },
      "24": {
        "x": 0.0,
        "y": 16.0
      },
      "25": {
        "x": 52.0,
        "y": 46.0
      },
      "26": {
        "x": 76.0,
        "y": 21.0
      },
      "27": {
        "x": 36.0,
        "y": 49.0
      },
      "28": {
        "x": 58.0,
        "y": 34.0
      },
      "29": {
        "x": 4.0,
        "y": 19.0
      },
      "30": {
        "x": 0.0,
        "y": 28.0
      },
      "31": {
        "x": 86.0,
        "y": 21.0
      },
      "32": {
        "x": 98.0,
        "y": 0.0
      },
      "33": {
        "x": 8.0,
        "y": 5.0
      },
      "34": {
        "x": 65.0,
        "y": 45.0
      },
      "35": {
        "x": 59.0,
        "y": 6.0
      },
      "36": {
        "x": 15.0,
        "y": 14.0
      },
      "37": {
        "x": 22.0,
        "y": 41.0
      },
      "38": {
        "x": 92.0,
        "y": 16.0
      },
      "39": {
        "x": 1.0,
        "y": 36.0
      },
      "40": {
        "x": 88.0,
        "y": 38.0
      },
      "41": {
        "x": 41.0,
        "y": 28.0
      },
      "42": {
        "x": 85.0,
        "y": 11.0
      },
      "43": {
        "x": 79.0,
        "y": 12.0
      },
      "44": {
        "x": 59.0,
        "y": 13.0
      },
      "45": {
        "x": 17.0,
        "y": 40.0
      },
      "46": {
        "x": 74.0,
        "y": 29.0
      },
      "47": {
        "x": 53.0,
        "y": 45.0
      },
      "48": {
        "x": 1.0,
        "y": 42.0
      },
      "49": {
        "x": 36.0,
        "y": 13.0
      },
      "50": {
        "x": 0.0,
        "y": 0.0
      }
    },
    "facilities": {
      "1000": {
        "x": 52.50891721986922,
        "y": 43.82824945586993
      },
      "1001": {
        "x": 87.78298325557022,
        "y": 9.624084753764249
      },
      "1002": {
        "x": -4.668012057387733,
        "y": 34.442331511654345
      },
      "1003": {
        "x": 88.58081575149735,
        "y": 27.4338333254607
      },
      "1004": {
        "x": 50.75775187301144,
        "y": 45.916244827637016
      },
      "1005": {
        "x": 14.661689005151452,
        "y": 20.617330830819686
      },
      "1006": {
        "x": 2.375620746753772,
        "y": 4.192069314754672
      },
      "1007": {
        "x": 83.79563229180971,
        "y": 28.429794105318177
      },
      "1008": {
        "x": 75.75155951325146,
        "y": 25.129086453048668
      },
      "1009": {
        "x": 56.845887258648915,
        "y": 37.718125317894355
      },
      "1010": {
        "x": 94.8508682435213,
        "y": 18.1989305759058
      },
      "1011": {
        "x": 69.41779919611614,
        "y": 36.65390370720258
      },
      "1012": {
        "x": 5.429688151665367,
        "y": 40.22383539390559
      },
      "1013": {
        "x": 55.7288117359892,
        "y": 30.442139999228303
      },
      "1014": {
        "x": 26.60071386548654,
        "y": 29.40611132828142
      },
      "1015": {
        "x": 18.067370218658354,
        "y": 42.75161212287119
      },
      "1016": {
        "x": 81.64958001663715,
        "y": 7.923948368566254
      },
      "1017": {
        "x": 1.1056764115920075,
        "y": 43.78004515965103
      },
      "1018": {
        "x": 64.69051660302684,
        "y": 23.85479947086135
      },
      "1019": {
        "x": 59.94808495108606,
        "y": 42.28627998601549
      }
    }
  },
  "time_windows": {
    "e": {
      "1": 345.0,
      "2": 268.0,
      "3": 247.0,
      "4": 393.0,
      "5": 254.0,
      "6": 184.0,
      "7": 434.0,
      "8": 46.0,
      "9": 298.0,
      "10": 148.0,
      "11": 409.0,
      "12": 73.0,
      "13": 157.0,
      "14": 63.0,
      "15": 282.0,
      "16": 274.0,
      "17": 152.0,
      "18": 222.0,
      "19": 276.0,
      "20": 29.0,
      "21": 416.0,
      "22": 332.0,
      "23": 190.0,
      "24": 59.0,
      "25": 434.0,
      "26": 239.0,
      "27": 178.0,
      "28": 473.0,
      "29": 477.0,
      "30": 422.0,
      "31": 85.0,
      "32": 454.0,
      "33": 0.0,
      "34": 286.0,
      "35": 323.0,
      "36": 435.0,
      "37": 129.0,
      "38": 420.0,
      "39": 315.0,
      "40": 434.0,
      "41": 295.0,
      "42": 20.0,
      "43": 37.0,
      "44": 417.0,
      "45": 117.0,
      "46": 432.0,
      "47": 60.0,
      "48": 288.0,
      "49": 100.0,
      "50": 77.0
    },
    "l": {
      "1": 465.0,
      "2": 388.0,
      "3": 367.0,
      "4": 513.0,
      "5": 374.0,
      "6": 304.0,
      "7": 554.0,
      "8": 166.0,
      "9": 418.0,
      "10": 268.0,
      "11": 529.0,
      "12": 193.0,
      "13": 277.0,
      "14": 183.0,
      "15": 402.0,
      "16": 394.0,
      "17": 272.0,
      "18": 342.0,
      "19": 396.0,
      "20": 149.0,
      "21": 536.0,
      "22": 452.0,
      "23": 310.0,
      "24": 179.0,
      "25": 554.0,
      "26": 359.0,
      "27": 298.0,
      "28": 593.0,
      "29": 597.0,
      "30": 542.0,
      "31": 205.0,
      "32": 574.0,
      "33": 120.0,
      "34": 406.0,
      "35": 443.0,
      "36": 555.0,
      "37": 249.0,
      "38": 540.0,
      "39": 435.0,
      "40": 554.0,
      "41": 415.0,
      "42": 140.0,
      "43": 157.0,
      "44": 537.0,
      "45": 237.0,
      "46": 552.0,
      "47": 180.0,
      "48": 408.0,
      "49": 220.0,
      "50": 197.0
    }
  },
  "travel_time": {
    "matrix": {
      "1,1": 0.0,
      "1,2": 13.892443989449804,
      "1,3": 14.7648230602334,
      "1,4": 33.24154027718932,
      "1,5": 23.40939982143925,
      "1,6": 38.41874542459709,
      "1,7": 18.601075237738275,
      "1,8": 53.53503525729669,
      "1,9": 51.24451190127583,
      "1,10": 32.64965543462902,
      "1,11": 37.05401462729781,
      "1,12": 41.10960958218893,
      "1,13": 51.0098029794274,
      "1,14": 26.92582403567252,
      "1,15": 44.94441010848846,
      "1,16": 47.265209192385896,
      "1,17": 20.615528128088304,
      "1,18": 52.80151512977634,
      "1,19": 30.870698080866262,
      "1,20": 40.0,
      "1,21": 41.72529209005013,
      "1,22": 31.04834939252005,
      "1,23": 27.65863337187866,
      "1,24": 49.64876634922564,
      "1,25": 14.866068747318506,
      "1,26": 31.016124838541646,
      "1,27": 20.248456731316587,
      "1,28": 11.180339887498949,
      "1,29": 44.9221548904324,
      "1,30": 47.16990566028302,
      "1,31": 40.52159917870962,
      "1,32": 60.207972893961475,
      "1,33": 47.43416490252569,
      "1,34": 22.20360331117452,
      "1,35": 28.635642126552707,
      "1,36": 36.71511950137164,
      "1,37": 26.570660511172846,
      "1,38": 47.75981574503821,
      "1,39": 46.17358552246078,
      "1,40": 41.43669871020132,
      "1,41": 7.211102550927978,
      "1,42": 43.41658669218482,
      "1,43": 37.73592452822641,
      "1,44": 22.47220505424423,
      "1,45": 31.04834939252005,
      "1,46": 27.16615541441225,
      "1,47": 14.317821063276353,
      "1,48": 47.07440918375928,
      "1,49": 21.95449840010015,
      "1,50": 56.859475903318,
      "1,1000": 13.048205015467028,
      "1,1001": 46.51809654672949,
      "1,1002": 51.72570398916949,
      "1,1003": 41.83077953683918,
      "1,1004": 14.414665075604601,
      "1,1005": 34.283108310282344,
      "1,1006": 52.57961803525165,
      "1,1007": 36.968431477200795,
      "1,1008": 29.56115064427838,
      "1,1009": 11.385888329909506,
      "1,1010": 49.801356496660844,
      "1,1011": 22.895775604099967,
      "1,1012": 42.375963655754724,
      "1,1013": 8.86674021861175,
      "1,1014": 20.56353892789427,
      "1,1015": 30.865745241365033,
      "1,1016": 42.19300484071742,
      "1,1017": 47.3820472499967,
      "1,1018": 19.4755916300853,
      "1,1019": 16.536639920226964,
      "2,1": 13.892443989449804,
      "2,2": 0.0,
      "2,3": 27.586228448267445,
      "2,4": 24.0,
      "2,5": 25.0,
      "2,6": 51.62363799656123,
      "2,7": 8.06225774829855,
      "2,8": 55.90169943749474,
      "2,9": 42.1070065428546,
      "2,10": 34.828149534535996,
      "2,11": 46.17358552246078,
      "2,12": 47.4236228055175,
      "2,13": 45.35416188179427,
      "2,14": 40.718546143004666,
      "2,15": 56.43580423808985,
      "2,16": 56.61271941887264,
      "2,17": 9.055385138137417,
      "2,18": 56.22277118748239,
      "2,19": 32.64965543462902,
      "2,20": 53.075418038862395,
      "2,21": 47.01063709417264,
      "2,22": 23.345235059857504,
      "2,23": 38.47076812334269,
      "2,24": 60.8276253029822,
      "2,25": 2.8284271247461903,
      "2,26": 31.827660925679098,
      "2,27": 18.681541692269406,
      "2,28": 10.770329614269007,
      "2,29": 55.90169943749474,
      "2,30": 56.32051136131489,
      "2,31": 39.408120990476064,
      "2,32": 62.22539674441618,
      "2,33": 60.30754513325841,
      "2,34": 11.045361017187261,
      "2,35": 38.3275357934736,
      "2,36": 49.20365840057018,
      "2,37": 32.14031735997639,
      "2,38": 47.20169488482379,
      "2,39": 53.600373133029585,
      "2,40": 34.52535300326414,
      "2,41": 20.615528128088304,
      "2,42": 45.27692569068709,
      "2,43": 40.607881008493905,
      "2,44": 31.400636936215164,
      "2,45": 37.21558813185679,
      "2,46": 25.0,
      "2,47": 1.4142135623730951,
      "2,48": 53.03772242470448,
      "2,49": 35.84689665786984,
      "2,50": 69.65629906907199,
      "2,1000": 1.5009417399124845,
      "2,1001": 48.19744294734443,
      "2,1002": 59.44143896053416,
      "2,1003": 38.34410901726136,
      "2,1004": 3.7661873501468857,
      "2,1005": 45.76299738219469,
      "2,1006": 65.19009034143376,
      "2,1007": 33.61861114429801,
      "2,1008": 28.796557421939028,
      "2,1009": 6.896450087590001,
      "2,1010": 48.31654602386708,
      "2,1011": 17.078456101030074,
      "2,1012": 48.716882209115106,
      "2,1013": 13.667639072605741,
      "2,1014": 31.04355758033311,
      "2,1015": 35.954309272947,
      "2,1016": 45.45306124355425,
      "2,1017": 52.89478091463285,
      "2,1018": 22.806057300612057,
      "2,1019": 6.190036419252114,
      "3,1": 14.7648230602334,
      "3,2": 27.586228448267445,
      "3,3": 0.0,
      "3,4": 47.92702786528704,
      "3,5": 35.014282800023196,
      "3,6": 24.041630560342615,
      "3,7": 33.28663395418648,
      "3,8": 62.03224967708329,
      "3,9": 65.7875368135941,
      "3,10": 42.7551166528639,
      "3,11": 24.515301344262525,
      "3,12": 46.647615158762406,
      "3,13": 64.4980619863884,
      "3,14": 18.24828759089466,
      "3,15": 30.364452901377952,
      "3,16": 34.058772731852805,
      "3,17": 35.22782990761707,
      "3,18": 60.41522986797286,
      "3,19": 41.43669871020132,
      "3,20": 25.495097567963924,
      "3,21": 48.30113870293329,
      "3,22": 45.5411901469428,
      "3,23": 14.035668847618199,
      "3,24": 35.17101079013795,
      "3,25": 27.65863337187866,
      "3,26": 42.190046219457976,
      "3,27": 24.08318915758459,
      "3,28": 25.632011235952593,
      "3,29": 30.59411708155671,
      "3,30": 34.132096331752024,
      "3,31": 52.15361924162119,
      "3,32": 68.70953354520753,
      "3,33": 32.802438933713454,
      "3,34": 36.89173349139343,
      "3,35": 31.400636936215164,
      "3,36": 21.95449840010015,
      "3,37": 20.0,
      "3,38": 58.69412236331676,
      "3,39": 34.785054261852174,
      "3,40": 55.54277630799526,
      "3,41": 7.615773105863909,
      "3,42": 52.88667128870941,
      "3,43": 46.84015371452148,
      "3,44": 27.730849247724095,
      "3,45": 22.67156809750927,
      "3,46": 40.19950248448356,
      "3,47": 27.586228448267445,
      "3,48": 37.12142238654117,
      "3,49": 12.165525060596439,
      "3,50": 42.20189569201838,
      "3,1000": 26.40232933330765,
      "3,1001": 55.93771587693201,
      "3,1002": 39.8041804443486,
      "3,1003": 54.63505278440778,
      "3,1004": 26.80133477137045,
      "3,1005": 19.828718092200614,
      "3,1006": 37.855928763604844,
      "3,1007": 49.91361019748018,
      "3,1008": 41.751759065947624,
      "3,1009": 26.147376087029503,
      "3,1010": 61.22975348065464,
      "3,1011": 37.28584143496234,
      "3,1012": 32.373258767257624,
      "3,1013": 22.399958643472146,
      "3,1014": 8.611808888823125,
      "3,1015": 23.853059022065956,
      "3,1016": 50.616934074292736,
      "3,1017": 37.87778531722026,
      "3,1018": 30.711875449288428,
      "3,1019": 31.178816340324698,
      "4,1": 33.24154027718932,
      "4,2": 24.0,
      "4,3": 47.92702786528704,
      "4,4": 0.0,
      "4,5": 21.93171219946131,
      "4,6": 70.83078426785913,
      "4,7": 16.0312195418814,
      "4,8": 43.32435804486894,
      "4,9": 18.24828759089466,
      "4,10": 27.073972741361768,
      "4,11": 69.42621983083913,
      "4,12": 43.18564576337837,
      "4,13": 22.825424421026653,
      "4,14": 55.226805085936306,
      "4,15": 78.18567643756751,
      "4,16": 79.83107164506812,
      "4,17": 15.033296378372908,
      "4,18": 45.35416188179427,
      "4,19": 25.179356624028344,
      "4,20": 72.56031973468694,
      "4,21": 41.012193308819754,
      "4,22": 4.123105625617661,
      "4,23": 60.728905802755904,
      "4,24": 82.87339742040264,
      "4,25": 26.076809620810597,
      "4,26": 23.08679276123039,
      "4,27": 42.2965719651132,
      "4,28": 22.360679774997898,
      "4,29": 78.10889834071403,
      "4,30": 79.62411694957753,
      "4,31": 24.351591323771842,
      "4,32": 48.33218389437829,
      "4,33": 80.1311425102625,
      "4,34": 13.038404810405298,
      "4,35": 42.485291572496,
      "4,36": 69.77822009767804,
      "4,37": 56.08029957123981,
      "4,38": 31.304951684997057,
      "4,39": 77.41446893184762,
      "4,40": 11.661903789690601,
      "4,41": 40.311288741492746,
      "4,42": 33.734255586866,
      "4,43": 32.01562118716424,
      "4,44": 36.359317925395686,
      "4,45": 61.1310068623117,
      "4,46": 15.524174696260024,
      "4,47": 25.019992006393608,
      "4,48": 77.02596964660685,
      "4,49": 52.20153254455275,
      "4,50": 89.55445270895244,
      "4,1000": 25.49166137294486,
      "4,1001": 35.74087730309863,
      "4,1002": 83.21868326555953,
      "4,1003": 19.656844615953776,
      "4,1004": 27.309560180490955,
      "4,1005": 67.51659690146926,
      "4,1006": 85.46179311762722,
      "4,1007": 16.613869665573162,
      "4,1008": 19.004390616880123,
      "4,1009": 22.06713473461093,
      "4,1010": 30.81634215781366,
      "4,1011": 11.29687130940407,
      "4,1012": 72.668490977155,
      "4,1013": 26.073384791613414,
      "4,1014": 53.430966692547344,
      "4,1015": 59.94563023940212,
      "4,1016": 36.26018388827765,
      "4,1017": 76.8946381762122,
      "4,1018": 24.14480177291817,
      "4,1019": 18.133076772008017,
      "5,1": 23.40939982143925,
      "5,2": 25.0,
      "5,3": 35.014282800023196,
      "5,4": 21.93171219946131,
      "5,5": 0.0,
      "5,6": 54.405882034941776,
      "5,7": 20.248456731316587,
      "5,8": 31.144823004794873,
      "5,9": 35.4682957019364,
      "5,10": 9.899494936611665,
      "5,11": 59.30430001273095,
      "5,12": 23.53720459187964,
      "5,13": 30.364452901377952,
      "5,14": 36.235341863986875,
      "5,15": 64.4980619863884,
      "5,16": 69.06518659932803,
      "5,17": 21.840329667841555,
      "5,18": 31.240998703626616,
      "5,19": 7.810249675906654,
      "5,20": 56.32051136131489,
      "5,21": 22.47220505424423,
      "5,22": 17.88854381999832,
      "5,23": 49.040799340956916,
      "5,24": 69.46221994724903,
      "5,25": 27.80287754891569,
      "5,26": 7.615773105863909,
      "5,27": 41.400483088968905,
      "5,28": 14.866068747318506,
      "5,29": 65.19202405202648,
      "5,30": 69.1158447825099,
      "5,31": 17.26267650163207,
      "5,32": 37.64306044943742,
      "5,33": 63.89053137985315,
      "5,34": 21.37755832643195,
      "5,35": 20.591260281974,
      "5,36": 54.91812087098393,
      "5,37": 49.9799959983992,
      "5,38": 24.351591323771842,
      "5,39": 69.05070600652827,
      "5,40": 23.600847442411894,
      "5,41": 28.284271247461902,
      "5,42": 20.615528128088304,
      "5,43": 15.620499351813308,
      "5,44": 14.866068747318506,
      "5,45": 54.405882034941776,
      "5,46": 7.0710678118654755,
      "5,47": 26.40075756488817,
      "5,48": 70.3420215802759,
      "5,49": 34.785054261852174,
      "5,50": 73.05477397131553,
      "5,1000": 25.78982915308537,
      "5,1001": 23.65306320851455,
      "5,1002": 74.40442384621167,
      "5,1003": 19.87962667660365,
      "5,1004": 28.514933001351128,
      "5,1005": 54.443498165354896,
      "5,1006": 69.5065610493849,
      "5,1007": 15.444539835487294,
      "5,1008": 6.845318990334517,
      "5,1009": 18.32783180757961,
      "5,1010": 26.49376899210565,
      "5,1011": 12.660799153269533,
      "5,1012": 65.60790640908348,
      "5,1013": 14.752139021459746,
      "5,1014": 42.74254910987549,
      "5,1015": 54.2748167537194,
      "5,1016": 20.456082485506098,
      "5,1017": 70.71696657836284,
      "5,1018": 4.311928842461283,
      "5,1019": 20.404048661471702,
      "6,1": 38.41874542459709,
      "6,2": 51.62363799656123,
      "6,3": 24.041630560342615,
      "6,4": 70.83078426785913,
      "6,5": 54.405882034941776,
      "6,6": 0.0,
      "6,7": 57.0087712549569,
      "6,8": 75.16648189186454,
      "6,9": 88.10221336606703,
      "6,10": 59.682493245507096,
      "6,11": 23.08679276123039,
      "6,12": 57.42821606144492,
      "6,13": 84.77027781009096,
      "6,14": 20.024984394500787,
      "6,15": 14.422205101855956,
      "6,16": 25.495097567963924,
      "6,17": 59.033888572581766,
      "6,18": 72.44308110509934,
      "6,19": 59.033888572581766,
      "6,20": 2.0,
      "6,21": 60.207972893961475,
      "6,22": 68.0,
      "6,23": 18.24828759089466,
      "6,24": 18.788294228055936,
      "6,25": 51.66236541235796,
      "6,26": 60.41522986797286,
      "6,27": 45.18849411078001,
      "6,28": 48.54894437575342,
      "6,29": 17.029386365926403,
      "6,30": 26.248809496813376,
      "6,31": 70.21395872616783,
      "6,32": 81.39410298049853,
      "6,33": 9.486832980505138,
      "6,34": 60.60528029800704,
      "6,35": 42.04759208325728,
      "6,36": 6.324555320336759,
      "6,37": 33.37663853655727,
      "6,38": 75.4254598925323,
      "6,39": 32.2490309931942,
      "6,40": 77.07788269017254,
      "6,41": 31.240998703626616,
      "6,42": 68.06614430096654,
      "6,43": 62.12889826803627,
      "6,44": 42.2965719651132,
      "6,45": 32.0,
      "6,46": 60.74537019394976,
      "6,47": 51.62363799656123,
      "6,48": 37.57658845611187,
      "6,49": 19.6468827043885,
      "6,50": 18.788294228055936,
      "6,1000": 50.44349969222564,
      "6,1001": 70.80161276302782,
      "6,1002": 34.18624931593591,
      "6,1003": 74.1720099590917,
      "6,1004": 50.766400634170616,
      "6,1005": 12.832175793799841,
      "6,1006": 15.112008623820053,
      "6,1007": 69.85007502106454,
      "6,1008": 61.19764168622141,
      "6,1009": 49.70776301382947,
      "6,1010": 78.51608670305889,
      "6,1011": 59.738361797307356,
      "6,1012": 34.238102806102376,
      "6,1013": 44.76126122247515,
      "6,1014": 23.460505299880555,
      "6,1015": 34.76800000463309,
      "6,1016": 64.6496247489358,
      "6,1017": 39.15151534691461,
      "6,1018": 50.25694021848926,
      "6,1019": 54.95531817981906,
      "7,1": 18.601075237738275,
      "7,2": 8.06225774829855,
      "7,3": 33.28663395418648,
      "7,4": 16.0312195418814,
      "7,5": 20.248456731316587,
      "7,6": 57.0087712549569,
      "7,7": 0.0,
      "7,8": 50.0,
      "7,9": 34.23448553724738,
      "7,10": 29.5296461204668,
      "7,11": 53.600373133029585,
      "7,12": 43.68065933568311,
      "7,13": 37.36308338453881,
      "7,14": 43.829214001622255,
      "7,15": 63.071388124885914,
      "7,16": 64.03124237432849,
      "7,17": 2.23606797749979,
      "7,18": 50.774009099144415,
      "7,19": 27.294688127912362,
      "7,20": 58.60034129593445,
      "7,21": 42.720018726587654,
      "7,22": 15.297058540778355,
      "7,23": 45.31004303683677,
      "7,24": 67.62396025078685,
      "7,25": 10.44030650891055,
      "7,26": 26.076809620810597,
      "7,27": 26.68332812825267,
      "7,28": 9.848857801796104,
      "7,29": 62.76941930590086,
      "7,30": 63.788713735268246,
      "7,31": 32.55764119219941,
      "7,32": 56.08029957123981,
      "7,33": 66.03029607687671,
      "7,34": 3.605551275463989,
      "7,35": 37.12142238654117,
      "7,36": 55.226805085936306,
      "7,37": 40.049968789001575,
      "7,38": 40.36087214122113,
      "7,39": 61.40032573203501,
      "7,40": 26.476404589747453,
      "7,41": 25.80697580112788,
      "7,42": 39.408120990476064,
      "7,43": 35.35533905932738,
      "7,44": 30.14962686336267,
      "7,45": 45.09988913511872,
      "7,46": 18.439088914585774,
      "7,47": 9.219544457292887,
      "7,48": 61.00819617067857,
      "7,49": 39.698866482558415,
      "7,50": 75.45197147855052,
      "7,1000": 9.527153273693242,
      "7,1001": 42.17480224115966,
      "7,1002": 67.21500964546847,
      "7,1003": 30.803332789725655,
      "7,1004": 11.614328514533131,
      "7,1005": 52.36315085040217,
      "7,1006": 71.14156369806433,
      "7,1007": 26.21717923067238,
      "7,1008": 22.549388906334148,
      "7,1009": 7.379910453930061,
      "7,1010": 41.16154259660268,
      "7,1011": 9.762002001196185,
      "7,1012": 56.63839044798114,
      "7,1013": 14.036653805008106,
      "7,1014": 37.919694988913555,
      "7,1015": 43.93333194787224,
      "7,1016": 40.20491752113455,
      "7,1017": 60.89931950145943,
      "7,1018": 19.333328293185676,
      "7,1019": 2.172498935862007,
      "8,1": 53.53503525729669,
      "8,2": 55.90169943749474,
      "8,3": 62.03224967708329,
      "8,4": 43.32435804486894,
      "8,5": 31.144823004794873,
      "8,6": 75.16648189186454,
      "8,7": 50.0,
      "8,8": 0.0,
      "8,9": 44.181444068749045,
      "8,10": 21.2602916254693,
      "8,11": 86.33075929238663,
      "8,12": 18.110770276274835,
      "8,13": 30.59411708155671,
      "8,14": 55.14526271584895,
      "8,15": 87.96590248499699,
      "8,16": 95.0789145920377,
      "8,17": 51.03920062069938,
      "8,18": 4.242640687119285,
      "8,19": 23.345235059857504,
      "8,20": 77.1621668954417,
      "8,21": 15.0,
      "8,22": 39.92492955535426,
      "8,23": 75.58438992278762,
      "8,24": 92.91393867445294,
      "8,25": 58.728187440104094,
      "8,26": 24.08318915758459,
      "8,27": 72.47068372797375,
      "8,28": 46.010868281309364,
      "8,29": 89.44271909999159,
      "8,30": 95.33624704172071,
      "8,31": 18.973665961010276,
      "8,32": 6.708203932499369,
      "8,33": 84.02380615040002,
      "8,34": 49.92995093127971,
      "8,35": 33.13608305156178,
      "8,36": 77.78174593052023,
      "8,37": 79.64923100695951,
      "8,38": 13.0,
      "8,39": 96.79876032264049,
      "8,40": 35.22782990761707,
      "8,41": 56.79788728465171,
      "8,42": 10.63014581273465,
      "8,43": 15.811388300841896,
      "8,44": 34.48187929913333,
      "8,45": 83.6301381082203,
      "8,46": 31.622776601683793,
      "8,47": 57.3149195236284,
      "8,48": 99.00505037623081,
      "8,49": 56.88585061331157,
      "8,50": 92.04890004774636,
      "8,1000": 56.802214505931765,
      "8,1001": 7.852498267930605,
      "8,1002": 101.65296240649374,
      "8,1003": 24.67190774750916,
      "8,1004": 59.52081233210592,
      "8,1005": 79.31951016703557,
      "8,1006": 89.63230659634334,
      "8,1007": 26.720517916576217,
      "8,1008": 27.45374811383522,
      "8,1009": 49.408095168915786,
      "8,1010": 15.463988502101339,
      "8,1011": 40.52827442515406,
      "8,1012": 94.2339260295913,
      "8,1013": 45.48263565164799,
      "8,1014": 70.52906735797346,
      "8,1015": 83.94179181285163,
      "8,1016": 11.461957135162537,
      "8,1017": 99.62324098229989,
      "8,1018": 34.3617599138838,
      "8,1019": 50.70243636594199,
      "9,1": 51.24451190127583,
      "9,2": 42.1070065428546,
      "9,3": 65.7875368135941,
      "9,4": 18.24828759089466,
      "9,5": 35.4682957019364,
      "9,6": 88.10221336606703,
      "9,7": 34.23448553724738,
      "9,8": 44.181444068749045,
      "9,9": 0.0,
      "9,10": 36.05551275463989,
      "9,11": 87.66413177577246,
      "9,12": 50.99019513592785,
      "9,13": 14.142135623730951,
      "9,14": 71.28113354878694,
      "9,15": 96.13532129243653,
      "9,16": 98.0612053770501,
      "9,17": 33.06055050963308,
      "9,18": 47.51841748206689,
      "9,19": 35.0,
      "9,20": 89.89994438263018,
      "9,21": 47.92702786528704,
      "9,22": 20.248456731316587,
      "9,23": 78.84795495128583,
      "9,24": 100.88111815399351,
      "9,25": 44.01136216933077,
      "9,26": 32.802438933713454,
      "9,27": 60.03332407921454,
      "9,28": 40.162171256046406,
      "9,29": 96.16652224137046,
      "9,30": 97.86214794290998,
      "9,31": 27.85677655436824,
      "9,32": 47.042533945356304,
      "9,33": 97.50897394599124,
      "9,34": 31.064449134018133,
      "9,35": 55.226805085936306,
      "9,36": 87.46427842267951,
      "9,37": 74.24284477308234,
      "9,38": 31.25699921617557,
      "9,39": 95.63472172804185,
      "9,40": 12.041594578792296,
      "9,41": 58.18934610390462,
      "9,42": 37.64306044943742,
      "9,43": 38.91015291668744,
      "9,44": 50.24937810560445,
      "9,45": 79.30952023559341,
      "9,46": 28.42534080710379,
      "9,47": 43.04648650006177,
      "9,48": 95.13148795220224,
      "9,49": 68.96375859826666,
      "9,50": 106.88779163215975,
      "9,1000": 43.606585315779746,
      "9,1001": 38.268504081973695,
      "9,1002": 101.44823157379112,
      "9,1003": 20.925562674611214,
      "9,1004": 45.255226668945355,
      "9,1005": 85.51003489640918,
      "9,1006": 102.94679849372903,
      "9,1007": 22.22159171003719,
      "9,1008": 29.804969409875536,
      "9,1009": 40.23925623289706,
      "9,1010": 28.823984869640107,
      "9,1011": 28.524640367195527,
      "9,1012": 90.82344298182859,
      "9,1013": 43.542293600596615,
      "9,1014": 71.59473328795143,
      "9,1015": 78.04834132888536,
      "9,1016": 41.627783568205686,
      "9,1017": 94.94893763742368,
      "9,1018": 38.93563994747458,
      "9,1019": 36.35876421255741,
      "10,1": 32.64965543462902,
      "10,2": 34.828149534535996,
      "10,3": 42.7551166528639,
      "10,4": 27.073972741361768,
      "10,5": 9.899494936611665,
      "10,6": 59.682493245507096,
      "10,7": 29.5296461204668,
      "10,8": 21.2602916254693,
      "10,9": 36.05551275463989,
      "10,10": 0.0,
      "10,11": 67.26812023536856,
      "10,12": 16.1245154965971,
      "10,13": 27.202941017470888,
      "10,14": 40.26164427839479,
      "10,15": 71.00704190430693,
      "10,16": 76.6550715869472,
      "10,17": 30.870698080866262,
      "10,18": 21.400934559032695,
      "10,19": 2.23606797749979,
      "10,20": 61.66036003787198,
      "10,21": 14.035668847618199,
      "10,22": 23.021728866442675,
      "10,23": 56.71860364994893,
      "10,24": 76.00657866263946,
      "10,25": 37.64306044943742,
      "10,26": 4.0,
      "10,27": 51.22499389946279,
      "10,28": 24.758836806279895,
      "10,29": 72.02777242147643,
      "10,30": 76.79192665899195,
      "10,31": 10.770329614269007,
      "10,32": 27.80287754891569,
      "10,33": 69.05070600652827,
      "10,34": 30.083217912982647,
      "10,35": 20.248456731316587,
      "10,36": 61.07372593840988,
      "10,37": 59.09314681077663,
      "10,38": 16.0312195418814,
      "10,39": 77.3692445355388,
      "10,40": 24.186773244895647,
      "10,41": 36.68787265568828,
      "10,42": 10.816653826391969,
      "10,43": 5.830951894845301,
      "10,44": 17.46424919657298,
      "10,45": 63.324560795950255,
      "10,46": 12.165525060596439,
      "10,47": 36.235341863986875,
      "10,48": 79.05694150420949,
      "10,49": 40.19950248448356,
      "10,50": 77.87810988975015,
      "10,1000": 35.659303681498635,
      "10,1001": 13.901180529750022,
      "10,1002": 82.5321943113916,
      "10,1003": 16.344473158735287,
      "10,1004": 38.38385474957279,
      "10,1005": 61.444881626058624,
      "10,1006": 74.73012985980877,
      "10,1007": 13.835175319419427,
      "10,1008": 8.132881976064526,
      "10,1009": 28.215611841609302,
      "10,1010": 18.888956245924277,
      "10,1011": 20.726825573508375,
      "10,1012": 74.2934414654108,
      "10,1013": 24.323079603410065,
      "10,1014": 50.93330019632781,
      "10,1015": 63.398226476052145,
      "10,1016": 10.690765528288278,
      "10,1017": 79.5382330990456,
      "10,1018": 13.224700015203851,
      "10,1019": 29.950958787135967,
      "11,1": 37.05401462729781,
      "11,2": 46.17358552246078,
      "11,3": 24.515301344262525,
      "11,4": 69.42621983083913,
      "11,5": 59.30430001273095,
      "11,6": 23.08679276123039,
      "11,7": 53.600373133029585,
      "11,8": 86.33075929238663,
      "11,9": 87.66413177577246,
      "11,10": 67.26812023536856,
      "11,11": 0.0,
      "11,12": 70.26378868236469,
      "11,13": 88.05112151472007,
      "11,14": 35.4682957019364,
      "11,15": 14.866068747318506,
      "11,16": 10.44030650891055,
      "11,17": 55.08175741568164,
      "11,18": 84.50443775329198,
      "11,19": 65.92419889539804,
      "11,20": 22.561028345356956,
      "11,21": 72.2357252334328,
      "11,22": 67.7421582177598,
      "11,23": 10.770329614269007,
      "11,24": 17.204650534085253,
      "11,25": 44.94441010848846,
      "11,26": 66.61080993352356,
      "11,27": 32.202484376209235,
      "11,28": 48.16637831516918,
      "11,29": 12.529964086141668,
      "11,30": 10.198039027185569,
      "11,31": 76.53103945458993,
      "11,32": 92.97311439335567,
      "11,33": 25.079872407968907,
      "11,34": 57.0087712549569,
      "11,35": 54.56189146281496,
      "11,36": 16.76305461424021,
      "11,37": 16.278820596099706,
      "11,38": 83.18653737234169,
      "11,39": 10.816653826391969,
      "11,40": 78.40918313565064,
      "11,41": 31.064449134018133,
      "11,42": 77.3692445355388,
      "11,43": 71.30918594402827,
      "11,44": 51.86520991955976,
      "11,45": 12.206555615733702,
      "11,46": 64.00781202322104,
      "11,47": 45.5411901469428,
      "11,48": 15.0,
      "11,49": 31.064449134018133,
      "11,50": 31.622776601683793,
      "11,1000": 44.701549483429105,
      "11,1001": 80.40752704976133,
      "11,1002": 15.325954683970231,
      "11,1003": 78.62270547095343,
      "11,1004": 43.75524182489739,
      "11,1005": 10.476918684376468,
      "11,1006": 26.91060098273093,
      "11,1007": 73.81233563503923,
      "11,1008": 65.93173270289901,
      "11,1009": 47.47743265460725,
      "11,1010": 85.66758477529119,
      "11,1011": 59.789207185366685,
      "11,1012": 11.198864252802807,
      "11,1013": 45.73094915442343,
      "11,1014": 16.611333618892637,
      "11,1015": 15.089270160516417,
      "11,1016": 74.9734244395587,
      "11,1017": 16.40117790578874,
      "11,1018": 55.03468084625621,
      "11,1019": 51.43698927985263,
      "12,1": 41.10960958218893,
      "12,2": 47.4236228055175,
      "12,3": 46.647615158762406,
      "12,4": 43.18564576337837,
      "12,5": 23.53720459187964,
      "12,6": 57.42821606144492,
      "12,7": 43.68065933568311,
      "12,8": 18.110770276274835,
      "12,9": 50.99019513592785,
      "12,10": 16.1245154965971,
      "12,11": 70.26378868236469,
      "12,12": 0.0,
      "12,13": 40.0,
      "12,14": 37.48332962798263,
      "12,15": 70.61161377563892,
      "12,16": 78.43468620451031,
      "12,17": 45.35416188179427,
      "12,18": 15.033296378372908,
      "12,19": 18.027756377319946,
      "12,20": 59.413803110051795,
      "12,21": 3.605551275463989,
      "12,22": 39.11521443121589,
      "12,23": 59.50630218724736,
      "12,24": 75.50496672405067,
      "12,25": 50.08991914547278,
      "12,26": 20.09975124224178,
      "12,27": 61.220911460055866,
      "12,28": 36.6742416417845,
      "12,29": 72.27724399837061,
      "12,30": 78.77182237323191,
      "12,31": 23.323807579381203,
      "12,32": 24.020824298928627,
      "12,33": 66.12110101926616,
      "12,34": 44.91102314577124,
      "12,35": 15.811388300841896,
      "12,36": 60.41522986797286,
      "12,37": 65.60487786742691,
      "12,38": 23.430749027719962,
      "12,39": 80.95677859203639,
      "12,40": 39.56008088970496,
      "12,41": 42.638011210655684,
      "12,42": 14.866068747318506,
      "12,43": 12.083045973594572,
      "12,44": 19.209372712298546,
      "12,45": 69.06518659932803,
      "12,46": 28.0,
      "12,47": 48.75448697299562,
      "12,48": 83.72574275573791,
      "12,49": 39.84971769034255,
      "12,50": 74.00675644831355,
      "12,1000": 47.917904696643994,
      "12,1001": 16.25870429226874,
      "12,1002": 85.48125910395032,
      "12,1003": 30.188536437816094,
      "12,1004": 50.5734233309624,
      "12,1005": 62.496998493105195,
      "12,1006": 71.69547412440375,
      "12,1007": 29.126414414693976,
      "12,1008": 24.192576832308674,
      "12,1009": 40.52757469678611,
      "12,1010": 27.028908958067703,
      "12,1011": 35.94714750532492,
      "12,1012": 78.99618300896607,
      "12,1013": 34.65077096275183,
      "12,1014": 55.25938369956905,
      "12,1015": 69.79725058421221,
      "12,1016": 10.317806716618879,
      "12,1017": 84.52049855078539,
      "12,1018": 24.67809433428366,
      "12,1019": 43.612076671783896,
      "13,1": 51.0098029794274,
      "13,2": 45.35416188179427,
      "13,3": 64.4980619863884,
      "13,4": 22.825424421026653,
      "13,5": 30.364452901377952,
      "13,6": 84.77027781009096,
      "13,7": 37.36308338453881,
      "13,8": 30.59411708155671,
      "13,9": 14.142135623730951,
      "13,10": 27.202941017470888,
      "13,11": 88.05112151472007,
      "13,12": 40.0,
      "13,13": 0.0,
      "13,14": 66.30987860040162,
      "13,15": 94.54099639838793,
      "13,16": 98.18350166906862,
      "13,17": 37.0,
      "13,18": 34.20526275297414,
      "13,19": 26.92582403567252,
      "13,20": 86.68333173107735,
      "13,21": 36.61966684720111,
      "13,22": 22.135943621178654,
      "13,23": 78.31347265956222,
      "13,24": 99.46356116689167,
      "13,25": 47.80167361086848,
      "13,26": 25.059928172283335,
      "13,27": 64.03124237432849,
      "13,28": 40.01249804748511,
      "13,29": 95.03683496413377,
      "13,30": 98.12746812182611,
      "13,31": 16.97056274847714,
      "13,32": 33.0,
      "13,33": 94.25497334358543,
      "13,34": 35.11409973215888,
      "13,35": 47.43416490252569,
      "13,36": 85.14693182963201,
      "13,37": 76.4198926981712,
      "13,38": 18.027756377319946,
      "13,39": 97.04638066409278,
      "13,40": 11.180339887498949,
      "13,41": 57.21887800367987,
      "13,42": 25.553864678361276,
      "13,43": 28.319604517012593,
      "13,44": 43.829214001622255,
      "13,45": 81.30190649671138,
      "13,46": 24.331050121192877,
      "13,47": 46.57252408878007,
      "13,48": 97.41663102366043,
      "13,49": 65.14598989960932,
      "13,50": 103.40696301506973,
      "13,1000": 46.76205297874826,
      "13,1001": 25.511190578943108,
      "13,1002": 102.67814285428726,
      "13,1003": 10.94089773994768,
      "13,1004": 48.9761103859771,
      "13,1005": 84.25321700224545,
      "13,1006": 99.869508749841,
      "13,1007": 14.921489332813382,
      "13,1008": 23.599669153527838,
      "13,1009": 41.42368527839105,
      "13,1010": 15.132372151005237,
      "13,1011": 28.814808954685926,
      "13,1012": 92.85174437508519,
      "13,1013": 42.348506526617825,
      "13,1014": 71.48967825010008,
      "13,1015": 80.52527083317356,
      "13,1016": 29.935674354433413,
      "13,1017": 97.49215002911379,
      "13,1018": 34.542095722341294,
      "13,1019": 39.16865117499497,
      "14,1": 26.92582403567252,
      "14,2": 40.718546143004666,
      "14,3": 18.24828759089466,
      "14,4": 55.226805085936306,
      "14,5": 36.235341863986875,
      "14,6": 20.024984394500787,
      "14,7": 43.829214001622255,
      "14,8": 55.14526271584895,
      "14,9": 71.28113354878694,
      "14,10": 40.26164427839479,
      "14,11": 35.4682957019364,
      "14,12": 37.48332962798263,
      "14,13": 66.30987860040162,
      "14,14": 0.0,
      "14,15": 33.24154027718932,
      "14,16": 42.05948168962618,
      "14,17": 46.04345773288535,
      "14,18": 52.46903848937962,
      "14,19": 39.84971769034255,
      "14,20": 22.02271554554524,
      "14,21": 40.19950248448356,
      "14,22": 51.85556864985669,
      "14,23": 25.495097567963924,
      "14,24": 38.07886552931954,
      "14,25": 41.78516483155236,
      "14,26": 41.43669871020132,
      "14,27": 42.01190307520001,
      "14,28": 34.20526275297414,
      "14,29": 35.11409973215888,
      "14,30": 42.5440947723653,
      "14,31": 50.96076922496363,
      "14,32": 61.40032573203501,
      "14,33": 29.068883707497267,
      "14,34": 47.20169488482379,
      "14,35": 22.02271554554524,
      "14,36": 23.08679276123039,
      "14,37": 37.16180835212409,
      "14,38": 55.731499172371095,
      "14,39": 46.22769732530488,
      "14,40": 59.682493245507096,
      "14,41": 21.37755832643195,
      "14,42": 48.16637831516918,
      "14,43": 42.2965719651132,
      "14,44": 22.80350850198276,
      "14,45": 38.58756276314948,
      "14,46": 43.04648650006177,
      "14,47": 41.23105625617661,
      "14,48": 50.20956084253277,
      "14,49": 6.082762530298219,
      "14,50": 37.656340767525464,
      "14,1000": 39.9605614489654,
