{
  "metadata": {
    "source": "Mankowska HCSRP",
    "seed": 1,
    "sigma": 0.15
  },
  "parameters": {
    "p": 5
  },
  "sets": {
    "customers": [
      1,
      2,
      3,
      4,
      5,
      6,
      7,
      8,
      9,
      10,
      11,
      12,
      13,
      14,
      15,
      16,
      17,
      18,
      19,
      20,
      21,
      22,
      23,
      24,
      25
    ],
    "facilities": [
      1000,
      1001,
      1002,
      1003,
      1004,
      1005,
      1006,
      1007,
      1008,
      1009
    ],
    "vehicles": [
      0,
      1,
      2,
      3,
      4
    ]
  },
  "coordinates": {
    "customers": {
      "1": {
        "x": 48.0,
        "y": 28.0
      },
      "2": {
        "x": 59.0,
        "y": 48.0
      },
      "3": {
        "x": 73.0,
        "y": 19.0
      },
      "4": {
        "x": 13.0,
        "y": 18.0
      },
      "5": {
        "x": 46.0,
        "y": 26.0
      },
      "6": {
        "x": 26.0,
        "y": 10.0
      },
      "7": {
        "x": 95.0,
        "y": 22.0
      },
      "8": {
        "x": 11.0,
        "y": 42.0
      },
      "9": {
        "x": 39.0,
        "y": 28.0
      },
      "10": {
        "x": 91.0,
        "y": 46.0
      },
      "11": {
        "x": 6.0,
        "y": 3.0
      },
      "12": {
        "x": 1.0,
        "y": 26.0
      },
      "13": {
        "x": 62.0,
        "y": 20.0
      },
      "14": {
        "x": 93.0,
        "y": 49.0
      },
      "15": {
        "x": 26.0,
        "y": 33.0
      },
      "16": {
        "x": 66.0,
        "y": 9.0
      },
      "17": {
        "x": 50.0,
        "y": 32.0
      },
      "18": {
        "x": 3.0,
        "y": 20.0
      },
      "19": {
        "x": 15.0,
        "y": 9.0
      },
      "20": {
        "x": 52.0,
        "y": 38.0
      },
      "21": {
        "x": 10.0,
        "y": 8.0
      },
      "22": {
        "x": 4.0,
        "y": 0.0
      },
      "23": {
        "x": 84.0,
        "y": 5.0
      },
      "24": {
        "x": 5.0,
        "y": 39.0
      },
      "25": {
        "x": 0.0,
        "y": 0.0
      }
    },
    "facilities": {
      "1000": {
        "x": 19.715302078397393,
        "y": 16.65534135810107
      },
      "1001": {
        "x": 9.24560164915884,
        "y": -9.957878932977787
      },
      "1002": {
        "x": 50.907743881096025,
        "y": 42.430800646815655
      },
      "1003": {
        "x": 89.57524442540905,
        "y": 30.905413911078448
      },
      "1004": {
        "x": 70.02854915222967,
        "y": 10.611799660671071
      },
      "1005": {
        "x": -8.491082780130784,
        "y": 26.82824945586993
      },
      "1006": {
        "x": 58.782983255570215,
        "y": 29.62408475376425
      },
      "1007": {
        "x": 46.331987942612265,
        "y": 36.442331511654345
      },
      "1008": {
        "x": 63.580815751497354,
        "y": 13.4338333254607
      },
      "1009": {
        "x": 46.75775187301144,
        "y": 27.916244827637012
      }
    }
  },
  "time_windows": {
    "e": {
      "1": 229.0,
      "2": 76.0,
      "3": 268.0,
      "4": 55.0,
      "5": 119.0,
      "6": 177.0,
      "7": 233.0,
      "8": 216.0,
      "9": 73.0,
      "10": 253.0,
      "11": 86.0,
      "12": 166.0,
      "13": 346.0,
      "14": 418.0,
      "15": 335.0,
      "16": 98.0,
      "17": 251.0,
      "18": 368.0,
      "19": 239.0,
      "20": 324.0,
      "21": 391.0,
      "22": 46.0,
      "23": 146.0,
      "24": 412.0,
      "25": 161.0
    },
    "l": {
      "1": 349.0,
      "2": 196.0,
      "3": 388.0,
      "4": 175.0,
      "5": 239.0,
      "6": 297.0,
      "7": 353.0,
      "8": 336.0,
      "9": 193.0,
      "10": 373.0,
      "11": 206.0,
      "12": 286.0,
      "13": 466.0,
      "14": 538.0,
      "15": 455.0,
      "16": 218.0,
      "17": 371.0,
      "18": 488.0,
      "19": 359.0,
      "20": 444.0,
      "21": 511.0,
      "22": 166.0,
      "23": 266.0,
      "24": 532.0,
      "25": 281.0
    }
  },
  "travel_time": {
    "matrix": {
      "1,1": 0.0,
      "1,2": 22.825424421026653,
      "1,3": 26.570660511172846,
      "1,4": 36.40054944640259,
      "1,5": 2.8284271247461903,
      "1,6": 28.42534080710379,
      "1,7": 47.38143096192854,
      "1,8": 39.56008088970496,
      "1,9": 9.0,
      "1,10": 46.61544808322666,
      "1,11": 48.877397639399746,
      "1,12": 47.042533945356304,
      "1,13": 16.1245154965971,
      "1,14": 49.658836071740545,
      "1,15": 22.561028345356956,
      "1,16": 26.1725046566048,
      "1,17": 4.47213595499958,
      "1,18": 45.70557952810576,
      "1,19": 38.07886552931954,
      "1,20": 10.770329614269007,
      "1,21": 42.941821107167776,
      "1,22": 52.15361924162119,
      "1,23": 42.720018726587654,
      "1,24": 44.384682042344295,
      "1,25": 55.569775957799216,
      "1,1000": 30.474996574528486,
      "1,1001": 54.24669542586238,
      "1,1002": 14.720834955469968,
      "1,1003": 41.676640687886476,
      "1,1004": 28.06432769180187,
      "1,1005": 56.5032338278904,
      "1,1006": 10.904603577265757,
      "1,1007": 8.605534589801078,
      "1,1008": 21.329206058186212,
      "1,1009": 1.24506840691752,
      "2,1": 22.825424421026653,
      "2,2": 0.0,
      "2,3": 32.202484376209235,
      "2,4": 54.91812087098393,
      "2,5": 25.553864678361276,
      "2,6": 50.32891812864648,
      "2,7": 44.40720662234904,
      "2,8": 48.373546489791295,
      "2,9": 28.284271247461902,
      "2,10": 32.0624390837628,
      "2,11": 69.52697318307479,
      "2,12": 62.03224967708329,
      "2,13": 28.160255680657446,
      "2,14": 34.0147027033899,
      "2,15": 36.24913792078372,
      "2,16": 39.6232255123179,
      "2,17": 18.35755975068582,
      "2,18": 62.609903369994115,
      "2,19": 58.7962583843564,
      "2,20": 12.206555615733702,
      "2,21": 63.25345840347388,
      "2,22": 73.0,
      "2,23": 49.73932046178355,
      "2,24": 54.74486277268398,
      "2,25": 76.05918747922567,
      "2,1000": 50.2570902079372,
      "2,1001": 76.3846573970447,
      "2,1002": 9.823471409305764,
      "2,1003": 35.02956530168563,
      "2,1004": 38.98084684838109,
      "2,1005": 70.73393298790431,
      "2,1006": 18.377196668812203,
      "2,1007": 17.148126147559655,
      "2,1008": 34.8683775292341,
      "2,1009": 23.52083886739952,
      "3,1": 26.570660511172846,
      "3,2": 32.202484376209235,
      "3,3": 0.0,
      "3,4": 60.00833275470999,
      "3,5": 27.892651361962706,
      "3,6": 47.853944456021594,
      "3,7": 22.20360331117452,
      "3,8": 66.12866246946176,
      "3,9": 35.17101079013795,
      "3,10": 32.449961479175904,
      "3,11": 68.8839603971781,
      "3,12": 72.3394774656273,
      "3,13": 11.045361017187261,
      "3,14": 36.05551275463989,
      "3,15": 49.040799340956916,
      "3,16": 12.206555615733702,
      "3,17": 26.419689627245813,
      "3,18": 70.00714249274856,
      "3,19": 58.855755878248644,
      "3,20": 28.319604517012593,
      "3,21": 63.953107821277925,
      "3,22": 71.56814934033156,
      "3,23": 17.804493814764857,
      "3,24": 70.8801805866774,
      "3,25": 75.43208866258443,
      "3,1000": 53.33625836842581,
      "3,1001": 70.02272532096089,
      "3,1002": 32.20357432605994,
      "3,1003": 20.407783028936635,
      "3,1004": 8.89895640361458,
      "3,1005": 81.86622051995228,
      "3,1006": 17.748091220369666,
      "3,1007": 31.86562090490985,
      "3,1008": 10.94089773994768,
      "3,1009": 27.71560947525416,
      "4,1": 36.40054944640259,
      "4,2": 54.91812087098393,
      "4,3": 60.00833275470999,
      "4,4": 0.0,
      "4,5": 33.95585369269929,
      "4,6": 15.264337522473747,
      "4,7": 82.09750300709517,
      "4,8": 24.08318915758459,
      "4,9": 27.85677655436824,
      "4,10": 82.87339742040264,
      "4,11": 16.55294535724685,
      "4,12": 14.422205101855956,
      "4,13": 49.040799340956916,
      "4,14": 85.7962703152066,
      "4,15": 19.849433241279208,
      "4,16": 53.75872022286245,
      "4,17": 39.56008088970496,
      "4,18": 10.198039027185569,
      "4,19": 9.219544457292887,
      "4,20": 43.829214001622255,
      "4,21": 10.44030650891055,
      "4,22": 20.12461179749811,
      "4,23": 72.18032973047436,
      "4,24": 22.47220505424423,
      "4,25": 22.20360331117452,
      "4,1000": 6.848604884745638,
      "4,1001": 28.20883729273225,
      "4,1002": 45.09834882120654,
      "4,1003": 77.65512067486212,
      "4,1004": 57.505138228356046,
      "4,1005": 23.233695950440204,
      "4,1006": 47.235589359533954,
      "4,1007": 38.09384480191266,
      "4,1008": 50.78650214561539,
      "4,1009": 35.184054953933966,
      "5,1": 2.8284271247461903,
      "5,2": 25.553864678361276,
      "5,3": 27.892651361962706,
      "5,4": 33.95585369269929,
      "5,5": 0.0,
      "5,6": 25.612496949731394,
      "5,7": 49.16299421312742,
      "5,8": 38.48376280978771,
      "5,9": 7.280109889280518,
      "5,10": 49.24428900898052,
      "5,11": 46.14108798023731,
      "5,12": 45.0,
      "5,13": 17.08800749063506,
      "5,14": 52.32590180780452,
      "5,15": 21.18962010041709,
      "5,16": 26.248809496813376,
      "5,17": 7.211102550927978,
      "5,18": 43.41658669218482,
      "5,19": 35.35533905932738,
      "5,20": 13.416407864998739,
      "5,21": 40.24922359499622,
      "5,22": 49.39635614091387,
      "5,23": 43.41658669218482,
      "5,24": 43.01162633521314,
      "5,25": 52.839379254491625,
      "5,1000": 27.89637951354112,
      "5,1001": 51.41842914258469,
      "5,1002": 17.14809493494345,
      "5,1003": 43.85048474501901,
      "5,1004": 28.533627250043768,
      "5,1005": 54.49737699845942,
      "5,1006": 13.286784833610236,
      "5,1007": 10.447607543994426,
      "5,1008": 21.610035339637914,
      "5,1009": 2.060626637821115,
      "6,1": 28.42534080710379,
      "6,2": 50.32891812864648,
      "6,3": 47.853944456021594,
      "6,4": 15.264337522473747,
      "6,5": 25.612496949731394,
      "6,6": 0.0,
      "6,7": 70.03570517957252,
      "6,8": 35.34119409414458,
      "6,9": 22.20360331117452,
      "6,10": 74.30343195303969,
      "6,11": 21.18962010041709,
      "6,12": 29.68164415931166,
      "6,13": 37.36308338453881,
      "6,14": 77.52418977325722,
      "6,15": 23.0,
      "6,16": 40.01249804748511,
      "6,17": 32.55764119219941,
      "6,18": 25.079872407968907,
      "6,19": 11.045361017187261,
      "6,20": 38.2099463490856,
      "6,21": 16.1245154965971,
      "6,22": 24.166091947189145,
      "6,23": 58.215118311311535,
      "6,24": 35.805027579936315,
      "6,25": 27.85677655436824,
      "6,1000": 9.153742216091008,
      "6,1001": 26.058142596932488,
      "6,1002": 40.89196175093309,
      "6,1003": 66.92419618153076,
      "6,1004": 44.0327995847993,
      "6,1005": 38.37739922265214,
      "6,1006": 38.207704636079875,
      "6,1007": 33.355458765706686,
      "6,1008": 37.737367738821376,
      "6,1009": 27.42035907032109,
      "7,1": 47.38143096192854,
      "7,2": 44.40720662234904,
      "7,3": 22.20360331117452,
      "7,4": 82.09750300709517,
      "7,5": 49.16299421312742,
      "7,6": 70.03570517957252,
      "7,7": 0.0,
      "7,8": 86.34813257969161,
      "7,9": 56.32051136131489,
      "7,10": 24.331050121192877,
      "7,11": 91.00549433962765,
      "7,12": 94.08506789071261,
      "7,13": 33.06055050963308,
      "7,14": 27.073972741361768,
      "7,15": 69.87131027825369,
      "7,16": 31.78049716414141,
      "7,17": 46.09772228646444,
      "7,18": 92.02173656261873,
      "7,19": 81.04936767180853,
      "7,20": 45.880278987817846,
      "7,21": 86.14522621712709,
      "7,22": 93.62157870918435,
      "7,23": 20.248456731316587,
      "7,24": 91.59148432032315,
      "7,25": 97.51410154434076,
      "7,1000": 75.47417516704226,
      "7,1001": 91.51569735520576,
      "7,1002": 48.59572681548192,
      "7,1003": 10.427577377880496,
      "7,1004": 27.445663854447044,
      "7,1005": 103.60364958731903,
      "7,1006": 37.01079531972918,
      "7,1007": 50.76570040007881,
      "7,1008": 32.56599991305878,
      "7,1009": 48.60366711685933,
      "8,1": 39.56008088970496,
      "8,2": 48.373546489791295,
      "8,3": 66.12866246946176,
      "8,4": 24.08318915758459,
      "8,5": 38.48376280978771,
      "8,6": 35.34119409414458,
      "8,7": 86.34813257969161,
      "8,8": 0.0,
      "8,9": 31.304951684997057,
      "8,10": 80.09993757800315,
      "8,11": 39.319206502675,
      "8,12": 18.867962264113206,
      "8,13": 55.54277630799526,
      "8,14": 82.29823813423954,
      "8,15": 17.4928556845359,
      "8,16": 64.1404708432983,
      "8,17": 40.26164427839479,
      "8,18": 23.40939982143925,
      "8,19": 33.24154027718932,
      "8,20": 41.19465984809196,
      "8,21": 34.0147027033899,
      "8,22": 42.579337712087536,
      "8,23": 81.8413098624405,
      "8,24": 6.708203932499369,
      "8,25": 43.41658669218482,
      "8,1000": 26.801272581579035,
      "8,1001": 51.9874898104093,
      "8,1002": 39.91006904123888,
      "8,1003": 79.35463992103593,
      "8,1004": 66.85498287756151,
      "8,1005": 24.699885070890954,
      "8,1006": 49.35966741160352,
      "8,1007": 35.7664235142857,
      "8,1008": 59.83951924581674,
      "8,1009": 38.431354110503506,
      "9,1": 9.0,
      "9,2": 28.284271247461902,
      "9,3": 35.17101079013795,
      "9,4": 27.85677655436824,
      "9,5": 7.280109889280518,
      "9,6": 22.20360331117452,
      "9,7": 56.32051136131489,
      "9,8": 31.304951684997057,
      "9,9": 0.0,
      "9,10": 55.02726596879042,
      "9,11": 41.400483088968905,
      "9,12": 38.05259518088089,
      "9,13": 24.351591323771842,
      "9,14": 57.9396237474839,
      "9,15": 13.92838827718412,
      "9,16": 33.015148038438355,
      "9,17": 11.704699910719626,
      "9,18": 36.87817782917155,
      "9,19": 30.610455730027933,
      "9,20": 16.401219466856727,
      "9,21": 35.22782990761707,
      "9,22": 44.82186966202994,
      "9,23": 50.53711507397311,
      "9,24": 35.73513677041127,
      "9,25": 48.010415536631214,
      "9,1000": 22.374111236620685,
      "9,1001": 48.22991596831927,
      "9,1002": 18.709419329469178,
      "9,1003": 50.65862985399978,
      "9,1004": 35.568530663115276,
      "9,1005": 47.50553591916319,
      "9,1006": 19.84953595874677,
      "9,1007": 11.181726545721084,
      "9,1008": 28.572534269810927,
      "9,1009": 7.758203983662076,
      "10,1": 46.61544808322666,
      "10,2": 32.0624390837628,
      "10,3": 32.449961479175904,
      "10,4": 82.87339742040264,
      "10,5": 49.24428900898052,
      "10,6": 74.30343195303969,
      "10,7": 24.331050121192877,
      "10,8": 80.09993757800315,
      "10,9": 55.02726596879042,
      "10,10": 0.0,
      "10,11": 95.25754563287887,
      "10,12": 92.19544457292888,
      "10,13": 38.948684188300895,
      "10,14": 3.605551275463989,
      "10,15": 66.2872536767062,
      "10,16": 44.654227123532216,
      "10,17": 43.32435804486894,
      "10,18": 91.76055797563569,
      "10,19": 84.52810183601665,
      "10,20": 39.81205847478876,
      "10,21": 89.47066558375433,
      "10,22": 98.41239759298622,
      "10,23": 41.593268686170845,
      "10,24": 86.28441342444185,
      "10,25": 101.96568050084302,
      "10,1000": 77.08837233061617,
      "10,1001": 99.07101424930411,
      "10,1002": 40.2508159510657,
      "10,1003": 15.161677270117314,
      "10,1004": 41.13546491674705,
      "10,1005": 101.32142701170956,
      "10,1006": 36.14009917062715,
      "10,1007": 45.679101655921954,
      "10,1008": 42.57190243255767,
      "10,1009": 47.79538388237914,
      "11,1": 48.877397639399746,
      "11,2": 69.52697318307479,
      "11,3": 68.8839603971781,
      "11,4": 16.55294535724685,
      "11,5": 46.14108798023731,
      "11,6": 21.18962010041709,
      "11,7": 91.00549433962765,
      "11,8": 39.319206502675,
      "11,9": 41.400483088968905,
      "11,10": 95.25754563287887,
      "11,11": 0.0,
      "11,12": 23.53720459187964,
      "11,13": 58.52349955359813,
      "11,14": 98.41239759298622,
      "11,15": 36.05551275463989,
      "11,16": 60.29925372672534,
      "11,17": 52.69724850502159,
      "11,18": 17.26267650163207,
      "11,19": 10.816653826391969,
      "11,20": 57.8013840664737,
      "11,21": 6.4031242374328485,
      "11,22": 3.605551275463989,
      "11,23": 78.02563681252464,
      "11,24": 36.013886210738214,
      "11,25": 6.708203932499369,
      "11,1000": 19.354014020558044,
      "11,1001": 13.358164413823186,
      "11,1002": 59.7619736968169,
      "11,1003": 88.11091649912329,
      "11,1004": 64.4794122229234,
      "11,1005": 27.888652751105933,
      "11,1006": 59.117554163999614,
      "11,1007": 52.393308621792634,
      "11,1008": 58.51850323163931,
      "11,1009": 47.77042593543327,
      "12,1": 47.042533945356304,
      "12,2": 62.03224967708329,
      "12,3": 72.3394774656273,
      "12,4": 14.422205101855956,
      "12,5": 45.0,
      "12,6": 29.68164415931166,
      "12,7": 94.08506789071261,
      "12,8": 18.867962264113206,
      "12,9": 38.05259518088089,
      "12,10": 92.19544457292888,
      "12,11": 23.53720459187964,
      "12,12": 0.0,
      "12,13": 61.29437168288782,
      "12,14": 94.83142938920619,
      "12,15": 25.96150997149434,
      "12,16": 67.1863081289633,
      "12,17": 49.36598018878993,
      "12,18": 6.324555320336759,
      "12,19": 22.02271554554524,
      "12,20": 52.392747589718944,
      "12,21": 20.12461179749811,
      "12,22": 26.1725046566048,
      "12,23": 85.61541917201598,
      "12,24": 13.601470508735444,
      "12,25": 26.019223662515376,
      "12,1000": 20.91853668446438,
      "12,1001": 36.89117786023236,
      "12,1002": 52.54287876769292,
      "12,1003": 88.71097457845877,
      "12,1004": 70.72296167260751,
      "12,1005": 9.527153273693244,
      "12,1006": 57.89652100269907,
      "12,1007": 46.519151091012326,
      "12,1008": 63.829985469332215,
      "12,1009": 45.79785858216002,
      "13,1": 16.1245154965971,
      "13,2": 28.160255680657446,
      "13,3": 11.045361017187261,
      "13,4": 49.040799340956916,
      "13,5": 17.08800749063506,
      "13,6": 37.36308338453881,
      "13,7": 33.06055050963308,
      "13,8": 55.54277630799526,
      "13,9": 24.351591323771842,
      "13,10": 38.948684188300895,
      "13,11": 58.52349955359813,
      "13,12": 61.29437168288782,
      "13,13": 0.0,
      "13,14": 42.44997055358225,
      "13,15": 38.27531841800928,
      "13,16": 11.704699910719626,
      "13,17": 16.97056274847714,
      "13,18": 59.0,
      "13,19": 48.27007354458868,
      "13,20": 20.591260281974,
      "13,21": 53.36665625650534,
      "13,22": 61.35144660071187,
      "13,23": 26.627053911388696,
      "13,24": 60.08327554319921,
      "13,25": 65.14598989960932,
      "13,1000": 42.41677050120639,
      "13,1001": 60.66713323968907,
      "13,1002": 25.023568160127528,
      "13,1003": 29.653366717676366,
      "13,1004": 12.35297158991081,
      "13,1005": 70.82102613028731,
      "13,1006": 10.147522066079931,
      "13,1007": 22.712042342545704,
      "13,1008": 6.75377844158458,
      "13,1009": 17.175362008871193,
      "14,1": 49.658836071740545,
      "14,2": 34.0147027033899,
      "14,3": 36.05551275463989,
      "14,4": 85.7962703152066,
      "14,5": 52.32590180780452,
      "14,6": 77.52418977325722,
      "14,7": 27.073972741361768,
      "14,8": 82.29823813423954,
      "14,9": 57.9396237474839,
      "14,10": 3.605551275463989,
      "14,11": 98.41239759298622,
      "14,12": 94.83142938920619,
      "14,13": 42.44997055358225,
      "14,14": 0.0,
      "14,15": 68.8839603971781,
      "14,16": 48.25971404805462,
      "14,17": 46.238512086787566,
      "14,18": 94.5568612000208,
      "14,19": 87.65842800324451,
      "14,20": 42.44997055358225,
      "14,21": 92.57429448826494,
      "14,22": 101.59724405711013,
      "14,23": 44.91102314577124,
      "14,24": 88.56635930193812,
      "14,25": 105.11898020814318,
      "14,1000": 80.10508031405693,
      "14,1001": 102.42475643801673,
      "14,1002": 42.60178875729618,
      "14,1003": 18.4158354813211,
      "14,1004": 44.736355230885565,
      "14,1005": 103.88467839905215,
      "14,1006": 39.32213532500364,
      "14,1007": 48.32802900234683,
      "14,1008": 46.156696304744955,
      "14,1009": 50.82194647990295,
      "15,1": 22.561028345356956,
      "15,2": 36.24913792078372,
      "15,3": 49.040799340956916,
      "15,4": 19.849433241279208,
      "15,5": 21.18962010041709,
      "15,6": 23.0,
      "15,7": 69.87131027825369,
      "15,8": 17.4928556845359,
      "15,9": 13.92838827718412,
      "15,10": 66.2872536767062,
      "15,11": 36.05551275463989,
      "15,12": 25.96150997149434,
      "15,13": 38.27531841800928,
      "15,14": 68.8839603971781,
      "15,15": 0.0,
      "15,16": 46.647615158762406,
      "15,17": 24.020824298928627,
      "15,18": 26.419689627245813,
      "15,19": 26.40075756488817,
      "15,20": 26.476404589747453,
      "15,21": 29.68164415931166,
      "15,22": 39.66106403010388,
      "15,23": 64.40496875241847,
      "15,24": 21.840329667841555,
      "15,25": 42.01190307520001,
      "15,1000": 17.511290474605165,
      "15,1001": 46.10953509328679,
      "15,1002": 26.63335701871349,
      "15,1003": 63.60973977807493,
      "15,1004": 49.39377141790483,
      "15,1005": 35.03891117207845,
      "15,1006": 32.95634680732626,
      "15,1007": 20.621333126998824,
      "15,1008": 42.36924109402768,
      "15,1009": 21.37121497421327,
      "16,1": 26.1725046566048,
      "16,2": 39.6232255123179,
      "16,3": 12.206555615733702,
      "16,4": 53.75872022286245,
      "16,5": 26.248809496813376,
      "16,6": 40.01249804748511,
      "16,7": 31.78049716414141,
      "16,8": 64.1404708432983,
      "16,9": 33.015148038438355,
      "16,10": 44.654227123532216,
      "16,11": 60.29925372672534,
      "16,12": 67.1863081289633,
      "16,13": 11.704699910719626,
      "16,14": 48.25971404805462,
      "16,15": 46.647615158762406,
      "16,16": 0.0,
      "16,17": 28.0178514522438,
      "16,18": 63.953107821277925,
      "16,19": 51.0,
      "16,20": 32.202484376209235,
      "16,21": 56.00892785976178,
      "16,22": 62.64982043070834,
      "16,23": 18.439088914585774,
      "16,24": 67.97793759742936,
      "16,25": 66.61080993352356,
      "16,1000": 46.91351098567509,
      "16,1001": 59.83696939019726,
      "16,1002": 36.67962140815693,
      "16,1003": 32.18135031867758,
      "16,1004": 4.339021366399317,
      "16,1005": 76.5948294104571,
      "16,1006": 21.85035932473036,
      "16,1007": 33.76258664683567,
      "16,1008": 5.050874219990951,
      "16,1009": 26.98311381882563,
      "17,1": 4.47213595499958,
      "17,2": 18.35755975068582,
      "17,3": 26.419689627245813,
      "17,4": 39.56008088970496,
      "17,5": 7.211102550927978,
      "17,6": 32.55764119219941,
      "17,7": 46.09772228646444,
      "17,8": 40.26164427839479,
      "17,9": 11.704699910719626,
      "17,10": 43.32435804486894,
      "17,11": 52.69724850502159,
      "17,12": 49.36598018878993,
      "17,13": 16.97056274847714,
      "17,14": 46.238512086787566,
      "17,15": 24.020824298928627,
      "17,16": 28.0178514522438,
      "17,17": 0.0,
      "17,18": 48.507731342539614,
      "17,19": 41.88078318274385,
      "17,20": 6.324555320336759,
      "17,21": 46.647615158762406,
      "17,22": 56.0357029044876,
      "17,23": 43.41658669218482,
      "17,24": 45.5411901469428,
      "17,25": 59.36328831862332,
      "17,1000": 33.95027948396191,
      "17,1001": 58.49260286133167,
      "17,1002": 10.470224500328403,
      "17,1003": 39.59037875591658,
      "17,1004": 29.301841152025755,
      "17,1005": 58.71927935936221,
      "17,1006": 9.098668480877972,
      "17,1007": 5.760956666438221,
      "17,1008": 23.003067218588313,
      "17,1009": 5.214329220979652,
      "18,1": 45.70557952810576,
      "18,2": 62.609903369994115,
      "18,3": 70.00714249274856,
      "18,4": 10.198039027185569,
      "18,5": 43.41658669218482,
      "18,6": 25.079872407968907,
      "18,7": 92.02173656261873,
      "18,8": 23.40939982143925,
      "18,9": 36.87817782917155,
      "18,10": 91.76055797563569,
      "18,11": 17.26267650163207,
      "18,12": 6.324555320336759,
      "18,13": 59.0,
      "18,14": 94.5568612000208,
      "18,15": 26.419689627245813,
      "18,16": 63.953107821277925,
      "18,17": 48.507731342539614,
      "18,18": 0.0,
      "18,19": 16.278820596099706,
      "18,20": 52.20153254455275,
      "18,21": 13.892443989449804,
      "18,22": 20.024984394500787,
      "18,23": 82.37718130647589,
      "18,24": 19.1049731745428,
      "18,25": 20.223748416156685,
      "18,1000": 17.0466438046586,
      "18,1001": 30.60199421807229,
      "18,1002": 52.89889168436215,
      "18,1003": 87.25938917899474,
      "18,1004": 67.68282431358966,
      "18,1005": 13.366748822784327,
      "18,1006": 56.607104043917175,
      "18,1007": 46.346644372573905,
      "18,1008": 60.93561997645302,
      "18,1009": 44.46805348956851,
      "19,1": 38.07886552931954,
      "19,2": 58.7962583843564,
      "19,3": 58.855755878248644,
      "19,4": 9.219544457292887,
      "19,5": 35.35533905932738,
      "19,6": 11.045361017187261,
      "19,7": 81.04936767180853,
      "19,8": 33.24154027718932,
      "19,9": 30.610455730027933,
      "19,10": 84.52810183601665,
      "19,11": 10.816653826391969,
      "19,12": 22.02271554554524,
      "19,13": 48.27007354458868,
      "19,14": 87.65842800324451,
      "19,15": 26.40075756488817,
      "19,16": 51.0,
      "19,17": 41.88078318274385,
      "19,18": 16.278820596099706,
      "19,19": 0.0,
      "19,20": 47.01063709417264,
      "19,21": 5.0990195135927845,
      "19,22": 14.212670403551895,
      "19,23": 69.1158447825099,
      "19,24": 31.622776601683793,
      "19,25": 17.4928556845359,
      "19,1000": 8.991013569091724,
      "19,1001": 19.811972996589876,
      "19,1002": 49.06102834753384,
      "19,1003": 77.72589169462884,
      "19,1004": 55.0521490947038,
      "19,1005": 29.490294146442206,
      "19,1006": 48.39733974804806,
      "19,1007": 41.65063057423666,
      "19,1008": 48.78272785565501,
      "19,1009": 36.96456576786566,
      "20,1": 10.770329614269007,
      "20,2": 12.206555615733702,
      "20,3": 28.319604517012593,
      "20,4": 43.829214001622255,
      "20,5": 13.416407864998739,
      "20,6": 38.2099463490856,
      "20,7": 45.880278987817846,
      "20,8": 41.19465984809196,
      "20,9": 16.401219466856727,
      "20,10": 39.81205847478876,
      "20,11": 57.8013840664737,
      "20,12": 52.392747589718944,
      "20,13": 20.591260281974,
      "20,14": 42.44997055358225,
      "20,15": 26.476404589747453,
      "20,16": 32.202484376209235,
      "20,17": 6.324555320336759,
      "20,18": 52.20153254455275,
      "20,19": 47.01063709417264,
      "20,20": 0.0,
      "20,21": 51.61395160225576,
      "20,22": 61.220911460055866,
      "20,23": 45.967379738244816,
      "20,24": 47.01063709417264,
      "20,25": 64.40496875241847,
      "20,1000": 38.702663634798085,
      "20,1001": 64.24870994885862,
      "20,1002": 4.563443634044931,
      "20,1003": 38.23914415101825,
      "20,1004": 32.78935959059857,
      "20,1005": 61.514056167130654,
      "20,1006": 10.777978384533455,
      "20,1007": 5.878153774977121,
      "20,1008": 27.15901026457655,
      "20,1009": 11.365002586936455,
      "21,1": 42.941821107167776,
      "21,2": 63.25345840347388,
      "21,3": 63.953107821277925,
      "21,4": 10.44030650891055,
      "21,5": 40.24922359499622,
      "21,6": 16.1245154965971,
      "21,7": 86.14522621712709,
      "21,8": 34.0147027033899,
      "21,9": 35.22782990761707,
      "21,10": 89.47066558375433,
      "21,11": 6.4031242374328485,
      "21,12": 20.12461179749811,
      "21,13": 53.36665625650534,
      "21,14": 92.57429448826494,
      "21,15": 29.68164415931166,
      "21,16": 56.00892785976178,
      "21,17": 46.647615158762406,
      "21,18": 13.892443989449804,
      "21,19": 5.0990195135927845,
      "21,20": 51.61395160225576,
      "21,21": 0.0,
      "21,22": 10.0,
      "21,23": 74.06078584514209,
      "21,24": 31.400636936215164,
      "21,25": 12.806248474865697,
      "21,1000": 13.011611295291893,
      "21,1001": 17.97371783029986,
      "21,1002": 53.46890257544202,
      "21,1003": 82.80626493086994,
      "21,1004": 60.08534106409928,
      "21,1005": 26.389829858377553,
      "21,1006": 53.360851724379586,
      "21,1007": 46.140866590051914,
      "21,1008": 53.85564372658445,
      "21,1009": 41.80656803412897,
      "22,1": 52.15361924162119,
      "22,2": 73.0,
      "22,3": 71.56814934033156,
      "22,4": 20.12461179749811,
      "22,5": 49.39635614091387,
      "22,6": 24.166091947189145,
      "22,7": 93.62157870918435,
      "22,8": 42.579337712087536,
      "22,9": 44.82186966202994,
      "22,10": 98.41239759298622,
      "22,11": 3.605551275463989,
      "22,12": 26.1725046566048,
      "22,13": 61.35144660071187,
      "22,14": 101.59724405711013,
      "22,15": 39.66106403010388,
      "22,16": 62.64982043070834,
      "22,17": 56.0357029044876,
      "22,18": 20.024984394500787,
      "22,19": 14.212670403551895,
      "22,20": 61.220911460055866,
      "22,21": 10.0,
      "22,22": 0.0,
      "22,23": 80.15609770940699,
      "22,24": 39.01281840626232,
      "22,25": 4.0,
      "22,1000": 22.899150970508785,
      "22,1001": 11.255029520418894,
      "22,1002": 63.251160301960574,
      "22,1003": 90.98498264814685,
      "22,1004": 66.87585210811619,
      "22,1005": 29.59361616778972,
      "22,1006": 62.279704975845014,
      "22,1007": 55.85732475852013,
      "22,1008": 61.076521540033156,
      "22,1009": 51.06409766666384,
      "23,1": 42.720018726587654,
      "23,2": 49.73932046178355,
      "23,3": 17.804493814764857,
      "23,4": 72.18032973047436,
      "23,5": 43.41658669218482,
      "23,6": 58.215118311311535,
      "23,7": 20.248456731316587,
      "23,8": 81.8413098624405,
      "23,9": 50.53711507397311,
      "23,10": 41.593268686170845,
      "23,11": 78.02563681252464,
      "23,12": 85.61541917201598,
      "23,13": 26.627053911388696,
      "23,14": 44.91102314577124,
      "23,15": 64.40496875241847,
      "23,16": 18.439088914585774,
      "23,17": 43.41658669218482,
      "23,18": 82.37718130647589,
      "23,19": 69.1158447825099,
      "23,20": 45.967379738244816,
      "23,21": 74.06078584514209,
      "23,22": 80.15609770940699,
      "23,23": 0.0,
      "23,24": 86.00581375697809,
      "23,25": 84.1486779456457,
      "23,1000": 65.33275877418279,
      "23,1001": 76.23620016088068,
      "23,1002": 49.96160778138343,
      "23,1003": 26.498562608325596,
      "23,1004": 15.056351956007477,
      "23,1005": 95.03195708891137,
      "23,1006": 35.24547465206586,
      "23,1007": 49.06627500885185,
      "23,1008": 22.09236587457192,
      "23,1009": 43.728015305435285,
      "24,1": 44.384682042344295,
      "24,2": 54.74486277268398,
      "24,3": 70.8801805866774,
      "24,4": 22.47220505424423,
      "24,5": 43.01162633521314,
      "24,6": 35.805027579936315,
      "24,7": 91.59148432032315,
      "24,8": 6.708203932499369,
      "24,9": 35.73513677041127,
      "24,10": 86.28441342444185,
      "24,11": 36.013886210738214,
      "24,12": 13.601470508735444,
      "24,13": 60.08327554319921,
      "24,14": 88.56635930193812,
      "24,15": 21.840329667841555,
      "24,16": 67.97793759742936,
      "24,17": 45.5411901469428,
      "24,18": 19.1049731745428,
      "24,19": 31.622776601683793,
      "24,20": 47.01063709417264,
      "24,21": 31.400636936215164,
      "24,22": 39.01281840626232,
      "24,23": 86.00581375697809,
      "24,24": 0.0,
      "24,25": 39.319206502675,
      "24,1000": 26.754885256369075,
      "24,1001": 49.141622307158826,
      "24,1002": 46.0357615482844,
      "24,1003": 84.96172252001867,
      "24,1004": 70.95493022581184,
      "24,1005": 18.1703281722943,
      "24,1006": 54.59411208705149,
      "24,1007": 41.411047987035076,
      "24,1008": 63.9166711628602,
      "24,1009": 43.20369741363433,
      "25,1": 55.569775957799216,
      "25,2": 76.05918747922567,
      "25,3": 75.43208866258443,
      "25,4": 22.20360331117452,
      "25,5": 52.839379254491625,
      "25,6": 27.85677655436824,
      "25,7": 97.51410154434076,
      "25,8": 43.41658669218482,
      "25,9": 48.010415536631214,
      "25,10": 101.96568050084302,
      "25,11": 6.708203932499369,
      "25,12": 26.019223662515376,
      "25,13": 65.14598989960932,
      "25,14": 105.11898020814318,
      "25,15": 42.01190307520001,
      "25,16": 66.61080993352356,
      "25,17": 59.36328831862332,
      "25,18": 20.223748416156685,
      "25,19": 17.4928556845359,
      "25,20": 64.40496875241847,
      "25,21": 12.806248474865697,
      "25,22": 4.0,
      "25,23": 84.1486779456457,
      "25,24": 39.319206502675,
      "25,25": 0.0,
      "25,1000": 25.808787879273456,
      "25,1001": 13.588248698738608,
      "25,1002": 66.27194904779157,
      "25,1003": 94.75689432905058,
      "25,1004": 70.82801697354279,
      "25,1005": 28.13989082504441,
      "25,1006": 65.82572079303694,
      "25,1007": 58.946557428909145,
      "25,1008": 64.9845213065551,
      "25,1009": 54.45736025088505,
      "1000,1": 30.474996574528486,
      "1000,2": 50.2570902079372,
      "1000,3": 53.33625836842581,
      "1000,4": 6.848604884745638,
      "1000,5": 27.89637951354112,
      "1000,6": 9.153742216091008,
      "1000,7": 75.47417516704226,
      "1000,8": 26.801272581579035,
      "1000,9": 22.374111236620685,
      "1000,10": 77.08837233061617,
      "1000,11": 19.354014020558044,
      "1000,12": 20.91853668446438,
      "1000,13": 42.41677050120639,
      "1000,14": 80.10508031405693,
      "1000,15": 17.511290474605165,
      "1000,16": 46.91351098567509,
      "1000,17": 33.95027948396191,
      "1000,18": 17.0466438046586,
      "1000,19": 8.991013569091724,
      "1000,20": 38.702663634798085,
      "1000,21": 13.011611295291893,
      "1000,22": 22.899150970508785,
      "1000,23": 65.33275877418279,
      "1000,24": 26.754885256369075,
      "1000,25": 25.808787879273456,
      "1000,1000": 0.0,
      "1000,1001": 28.598568519062088,
      "1000,1002": 40.4640918242202,
      "1000,1003": 71.2985000718312,
      "1000,1004": 50.674917142123356,
      "1000,1005": 29.984799581672355,
      "1000,1006": 41.16396504011465,
      "1000,1007": 33.16584004259669,
      "1000,1008": 43.98364927799064,
      "1000,1009": 29.293378737257814,
      "1001,1": 54.24669542586238,
      "1001,2": 76.3846573970447,
      "1001,3": 70.02272532096089,
      "1001,4": 28.20883729273225,
      "1001,5": 51.41842914258469,
      "1001,6": 26.058142596932488,
      "1001,7": 91.51569735520576,
      "1001,8": 51.9874898104093,
      "1001,9": 48.22991596831927,
      "1001,10": 99.07101424930411,
      "1001,11": 13.358164413823186,
      "1001,12": 36.89117786023236,
      "1001,13": 60.66713323968907,
      "1001,14": 102.42475643801673,
      "1001,15": 46.10953509328679,
      "1001,16": 59.83696939019726,
      "1001,17": 58.49260286133167,
      "1001,18": 30.60199421807229,
      "1001,19": 19.811972996589876,
      "1001,20": 64.24870994885862,
      "1001,21": 17.97371783029986,
      "1001,22": 11.255029520418894,
      "1001,23": 76.23620016088068,
      "1001,24": 49.141622307158826,
      "1001,25": 13.588248698738608,
      "1001,1000": 28.598568519062088,
      "1001,1001": 0.0,
      "1001,1002": 66.93510172897648,
      "1001,1003": 90.1258021357872,
      "1001,1004": 64.1691388800495,
      "1001,1005": 40.838819968076855,
      "1001,1006": 63.408863936501724,
      "1001,1007": 59.40016479449699,
      "1001,1008": 59.156467895983674,
      "1001,1009": 53.30676003145616,
      "1002,1": 14.720834955469968,
      "1002,2": 9.823471409305764,
      "1002,3": 32.20357432605994,
      "1002,4": 45.09834882120654,
      "1002,5": 17.14809493494345,
      "1002,6": 40.89196175093309,
      "1002,7": 48.59572681548192,
      "1002,8": 39.91006904123888,
      "1002,9": 18.709419329469178,
      "1002,10": 40.2508159510657,
      "1002,11": 59.7619736968169,
      "1002,12": 52.54287876769292,
      "1002,13": 25.023568160127528,
      "1002,14": 42.60178875729618,
      "1002,15": 26.63335701871349,
      "1002,16": 36.67962140815693,
      "1002,17": 10.470224500328403,
      "1002,18": 52.89889168436215,
      "1002,19": 49.06102834753384,
      "1002,20": 4.563443634044931,
      "1002,21": 53.46890257544202,
      "1002,22": 63.251160301960574,
      "1002,23": 49.96160778138343,
      "1002,24": 46.0357615482844,
      "1002,25": 66.27194904779157,
      "1002,1000": 40.4640918242202,
      "1002,1001": 66.93510172897648,
      "1002,1002": 0.0,
      "1002,1003": 40.34860763090538,
      "1002,1004": 37.12214996431217,
      "1002,1005": 61.41384381714395,
      "1002,1006": 15.034339598752053,
      "1002,1007": 7.536531363389197,
      "1002,1008": 31.64539246822647,
      "1002,1009": 15.09618376594623,
      "1003,1": 41.676640687886476,
      "1003,2": 35.02956530168563,
      "1003,3": 20.407783028936635,
      "1003,4": 77.65512067486212,
      "1003,5": 43.85048474501901,
      "1003,6": 66.92419618153076,
      "1003,7": 10.427577377880496,
      "1003,8": 79.35463992103593,
      "1003,9": 50.65862985399978,
      "1003,10": 15.161677270117314,
      "1003,11": 88.11091649912329,
      "1003,12": 88.71097457845877,
      "1003,13": 29.653366717676366,
      "1003,14": 18.4158354813211,
      "1003,15": 63.60973977807493,
      "1003,16": 32.18135031867758,
      "1003,17": 39.59037875591658,
      "1003,18": 87.25938917899474,
      "1003,19": 77.72589169462884,
      "1003,20": 38.23914415101825,
      "1003,21": 82.80626493086994,
      "1003,22": 90.98498264814685,
      "1003,23": 26.498562608325596,
      "1003,24": 84.96172252001867,
      "1003,25": 94.75689432905058,
      "1003,1000": 71.2985000718312,
      "1003,1001": 90.1258021357872,
      "1003,1002": 40.34860763090538,
      "1003,1003": 0.0,
      "1003,1004": 28.176303438294926,
      "1003,1005": 98.15104585066233,
      "1003,1006": 30.818909006662587,
      "1003,1007": 43.596292133076105,
      "1003,1008": 31.320383941497553,
      "1003,1009": 42.92170546802663,
      "1004,1": 28.06432769180187,
      "1004,2": 38.98084684838109,
      "1004,3": 8.89895640361458,
      "1004,4": 57.505138228356046,
      "1004,5": 28.533627250043768,
      "1004,6": 44.0327995847993,
      "1004,7": 27.445663854447044,
      "1004,8": 66.85498287756151,
      "1004,9": 35.568530663115276,
      "1004,10": 41.13546491674705,
      "1004,11": 64.4794122229234,
      "1004,12": 70.72296167260751,
      "1004,13": 12.35297158991081,
      "1004,14": 44.736355230885565,
      "1004,15": 49.39377141790483,
      "1004,16": 4.339021366399317,
      "1004,17": 29.301841152025755,
      "1004,18": 67.68282431358966,
      "1004,19": 55.0521490947038,
      "1004,20": 32.78935959059857,
      "1004,21": 60.08534106409928,
      "1004,22": 66.87585210811619,
      "1004,23": 15.056351956007477,
      "1004,24": 70.95493022581184,
      "1004,25": 70.82801697354279,
      "1004,1000": 50.674917142123356,
      "1004,1001": 64.1691388800495,
      "1004,1002": 37.12214996431217,
      "1004,1003": 28.176303438294926,
      "1004,1004": 0.0,
      "1004,1005": 80.17671633805892,
      "1004,1006": 22.089131644253545,
      "1004,1007": 35.05343619198845,
      "1004,1008": 7.038262570558527,
      "1004,1009": 28.99954876454117,
      "1005,1": 56.5032338278904,
      "1005,2": 70.73393298790431,
      "1005,3": 81.86622051995228,
      "1005,4": 23.233695950440204,
      "1005,5": 54.49737699845942,
      "1005,6": 38.37739922265214,
      "1005,7": 103.60364958731903,
