{
  "metadata": {
    "source": "Mankowska HCSRP",
    "seed": 1,
    "sigma": 0.15
  },
  "parameters": {
    "p": 5
  },
  "sets": {
    "customers": [
      1,
      2,
      3,
      4,
      5,
      6,
      7,
      8,
      9,
      10,
      11,
      12,
      13,
      14,
      15,
      16,
      17,
      18,
      19,
      20,
      21,
      22,
      23,
      24,
      25
    ],
    "facilities": [
      1000,
      1001,
      1002,
      1003,
      1004,
      1005,
      1006,
      1007,
      1008,
      1009
    ],
    "vehicles": [
      0,
      1,
      2,
      3,
      4
    ]
  },
  "coordinates": {
    "customers": {
      "1": {
        "x": 85.0,
        "y": 45.0
      },
      "2": {
        "x": 80.0,
        "y": 44.0
      },
      "3": {
        "x": 68.0,
        "y": 20.0
      },
      "4": {
        "x": 50.0,
        "y": 44.0
      },
      "5": {
        "x": 0.0,
        "y": 2.0
      },
      "6": {
        "x": 8.0,
        "y": 8.0
      },
      "7": {
        "x": 95.0,
        "y": 15.0
      },
      "8": {
        "x": 61.0,
        "y": 26.0
      },
      "9": {
        "x": 7.0,
        "y": 7.0
      },
      "10": {
        "x": 42.0,
        "y": 24.0
      },
      "11": {
        "x": 83.0,
        "y": 25.0
      },
      "12": {
        "x": 18.0,
        "y": 46.0
      },
      "13": {
        "x": 39.0,
        "y": 29.0
      },
      "14": {
        "x": 76.0,
        "y": 22.0
      },
      "15": {
        "x": 23.0,
        "y": 5.0
      },
      "16": {
        "x": 79.0,
        "y": 20.0
      },
      "17": {
        "x": 35.0,
        "y": 5.0
      },
      "18": {
        "x": 18.0,
        "y": 29.0
      },
      "19": {
        "x": 46.0,
        "y": 47.0
      },
      "20": {
        "x": 25.0,
        "y": 4.0
      },
      "21": {
        "x": 73.0,
        "y": 2.0
      },
      "22": {
        "x": 33.0,
        "y": 37.0
      },
      "23": {
        "x": 12.0,
        "y": 20.0
      },
      "24": {
        "x": 76.0,
        "y": 14.0
      },
      "25": {
        "x": 0.0,
        "y": 0.0
      }
    },
    "facilities": {
      "1000": {
        "x": 56.71530207839739,
        "y": 42.65534135810107
      },
      "1001": {
        "x": 38.24560164915884,
        "y": 27.042121067022215
      },
      "1002": {
        "x": 23.907743881096028,
        "y": 8.430800646815651
      },
      "1003": {
        "x": 89.57524442540905,
        "y": 23.905413911078448
      },
      "1004": {
        "x": 47.02854915222967,
        "y": 19.61179966067107
      },
      "1005": {
        "x": 8.508917219869216,
        "y": 46.82824945586993
      },
      "1006": {
        "x": 43.782983255570215,
        "y": 2.624084753764249
      },
      "1007": {
        "x": 19.331987942612265,
        "y": 2.4423315116543467
      },
      "1008": {
        "x": 58.580815751497354,
        "y": 14.4338333254607
      },
      "1009": {
        "x": 83.75775187301144,
        "y": 44.916244827637016
      }
    }
  },
  "time_windows": {
    "e": {
      "1": 76.0,
      "2": 44.0,
      "3": 45.0,
      "4": 124.0,
      "5": 100.0,
      "6": 334.0,
      "7": 448.0,
      "8": 329.0,
      "9": 450.0,
      "10": 174.0,
      "11": 0.0,
      "12": 432.0,
      "13": 468.0,
      "14": 271.0,
      "15": 415.0,
      "16": 382.0,
      "17": 321.0,
      "18": 18.0,
      "19": 267.0,
      "20": 39.0,
      "21": 82.0,
      "22": 404.0,
      "23": 3.0,
      "24": 91.0,
      "25": 158.0
    },
    "l": {
      "1": 196.0,
      "2": 164.0,
      "3": 165.0,
      "4": 244.0,
      "5": 220.0,
      "6": 454.0,
      "7": 568.0,
      "8": 449.0,
      "9": 570.0,
      "10": 294.0,
      "11": 120.0,
      "12": 552.0,
      "13": 588.0,
      "14": 391.0,
      "15": 535.0,
      "16": 502.0,
      "17": 441.0,
      "18": 138.0,
      "19": 387.0,
      "20": 159.0,
      "21": 202.0,
      "22": 524.0,
      "23": 123.0,
      "24": 211.0,
      "25": 278.0
    }
  },
  "travel_time": {
    "matrix": {
      "1,1": 0.0,
      "1,2": 5.0990195135927845,
      "1,3": 30.23243291566195,
      "1,4": 35.014282800023196,
      "1,5": 95.25754563287887,
      "1,6": 85.42833253669417,
      "1,7": 31.622776601683793,
      "1,8": 30.610455730027933,
      "1,9": 86.76404785393545,
      "1,10": 47.853944456021594,
      "1,11": 20.09975124224178,
      "1,12": 67.00746227100382,
      "1,13": 48.703182647543684,
      "1,14": 24.698178070456937,
      "1,15": 73.78346698278686,
      "1,16": 25.709920264364882,
      "1,17": 64.03124237432849,
      "1,18": 68.8839603971781,
      "1,19": 39.05124837953327,
      "1,20": 72.67048919609665,
      "1,21": 44.64302857109943,
      "1,22": 52.61178575186362,
      "1,23": 77.1621668954417,
      "1,24": 32.28002478313795,
      "1,25": 96.17692030835673,
      "1,1000": 28.381711728916954,
      "1,1001": 50.08452037227296,
      "1,1002": 71.20091361092706,
      "1,1003": 21.585050933809708,
      "1,1004": 45.6770379507531,
      "1,1005": 76.51292858693692,
      "1,1006": 59.1148091620599,
      "1,1007": 78.25243098289758,
      "1,1008": 40.4012851470352,
      "1,1009": 1.2450684069175195,
      "2,1": 5.0990195135927845,
      "2,2": 0.0,
      "2,3": 26.832815729997478,
      "2,4": 30.0,
      "2,5": 90.35485598461214,
      "2,6": 80.49844718999243,
      "2,7": 32.64965543462902,
      "2,8": 26.1725046566048,
      "2,9": 81.8413098624405,
      "2,10": 42.941821107167776,
      "2,11": 19.235384061671343,
      "2,12": 62.03224967708329,
      "2,13": 43.657759905886145,
      "2,14": 22.360679774997898,
      "2,15": 69.06518659932803,
      "2,16": 24.020824298928627,
      "2,17": 59.54829972383762,
      "2,18": 63.788713735268246,
      "2,19": 34.132096331752024,
      "2,20": 68.00735254367721,
      "2,21": 42.579337712087536,
      "2,22": 47.51841748206689,
      "2,23": 72.11102550927978,
      "2,24": 30.265491900843113,
      "2,25": 91.30169768410661,
      "2,1000": 23.323491680353484,
      "2,1001": 45.066611138915896,
      "2,1002": 66.4191925510638,
      "2,1003": 22.259328289312926,
      "2,1004": 41.01098495279257,
      "2,1005": 71.5470049132746,
      "2,1006": 54.98762282850561,
      "2,1007": 73.53670850114642,
      "2,1008": 36.50944625296229,
      "2,1009": 3.8678422567747766,
      "3,1": 30.23243291566195,
      "3,2": 26.832815729997478,
      "3,3": 0.0,
      "3,4": 30.0,
      "3,5": 70.3420215802759,
      "3,6": 61.18823416311342,
      "3,7": 27.459060435491963,
      "3,8": 9.219544457292887,
      "3,9": 62.369864518050704,
      "3,10": 26.30589287593181,
      "3,11": 15.811388300841896,
      "3,12": 56.356011214421486,
      "3,13": 30.364452901377952,
      "3,14": 8.246211251235321,
      "3,15": 47.43416490252569,
      "3,16": 11.0,
      "3,17": 36.24913792078372,
      "3,18": 50.80354318352215,
      "3,19": 34.828149534535996,
      "3,20": 45.880278987817846,
      "3,21": 18.681541692269406,
      "3,22": 38.91015291668744,
      "3,23": 56.0,
      "3,24": 10.0,
      "3,25": 70.8801805866774,
      "3,1000": 25.310252848083262,
      "3,1001": 30.576391061456828,
      "3,1002": 45.58479377301982,
      "3,1003": 21.925862122912967,
      "3,1004": 20.975043508033586,
      "3,1005": 65.26058457613415,
      "3,1006": 29.80581035040585,
      "3,1007": 51.73825586898619,
      "3,1008": 10.94089773994768,
      "3,1009": 29.480943003949925,
      "4,1": 35.014282800023196,
      "4,2": 30.0,
      "4,3": 30.0,
      "4,4": 0.0,
      "4,5": 65.29931086925804,
      "4,6": 55.31726674375732,
      "4,7": 53.53503525729669,
      "4,8": 21.095023109728988,
      "4,9": 56.72741841473134,
      "4,10": 21.540659228538015,
      "4,11": 38.07886552931954,
      "4,12": 32.0624390837628,
      "4,13": 18.601075237738275,
      "4,14": 34.058772731852805,
      "4,15": 47.43416490252569,
      "4,16": 37.64306044943742,
      "4,17": 41.78516483155236,
      "4,18": 35.34119409414458,
      "4,19": 5.0,
      "4,20": 47.16990566028302,
      "4,21": 47.885279575251516,
      "4,22": 18.384776310850235,
      "4,23": 44.94441010848846,
      "4,24": 39.698866482558415,
      "4,25": 66.60330322138685,
      "4,1000": 6.848604884745638,
      "4,1001": 20.633359845061324,
      "4,1002": 44.11319272055755,
      "4,1003": 44.384595992483135,
      "4,1004": 24.56855380220738,
      "4,1005": 41.58736521171176,
      "4,1006": 41.84038312042809,
      "4,1007": 51.64849246337512,
      "4,1008": 30.786175644074135,
      "4,1009": 33.770183832842534,
      "5,1": 95.25754563287887,
      "5,2": 90.35485598461214,
      "5,3": 70.3420215802759,
      "5,4": 65.29931086925804,
      "5,5": 0.0,
      "5,6": 10.0,
      "5,7": 95.88534820294495,
      "5,8": 65.55150646628954,
      "5,9": 8.602325267042627,
      "5,10": 47.41307836451879,
      "5,11": 86.1278120005379,
      "5,12": 47.53945729601885,
      "5,13": 47.43416490252569,
      "5,14": 78.587530817554,
      "5,15": 23.194827009486403,
      "5,16": 81.02468759581859,
      "5,17": 35.12833614050059,
      "5,18": 32.449961479175904,
      "5,19": 64.35060217278468,
      "5,20": 25.079872407968907,
      "5,21": 73.0,
      "5,22": 48.104053883222775,
      "5,23": 21.633307652783937,
      "5,24": 76.94153624668537,
      "5,25": 2.0,
      "5,1000": 69.7816757522173,
      "5,1001": 45.71470084164983,
      "5,1002": 24.757532478887494,
      "5,1003": 92.21481211002626,
      "5,1004": 50.21812344812673,
      "5,1005": 45.62864913113569,
      "5,1006": 43.78743089674733,
      "5,1007": 19.33704773173786,
      "5,1008": 59.88582624691938,
      "5,1009": 94.11251281804472,
      "6,1": 85.42833253669417,
      "6,2": 80.49844718999243,
      "6,3": 61.18823416311342,
      "6,4": 55.31726674375732,
      "6,5": 10.0,
      "6,6": 0.0,
      "6,7": 87.28115489611719,
      "6,8": 55.97320787662612,
      "6,9": 1.4142135623730951,
      "6,10": 37.57658845611187,
      "6,11": 76.90253571892151,
      "6,12": 39.293765408777,
      "6,13": 37.44329045369811,
      "6,14": 69.42621983083913,
      "6,15": 15.297058540778355,
      "6,16": 72.00694410957877,
      "6,17": 27.16615541441225,
      "6,18": 23.259406699226016,
      "6,19": 54.45181356024793,
      "6,20": 17.46424919657298,
      "6,21": 65.27633568147036,
      "6,22": 38.28837943815329,
      "6,23": 12.649110640673518,
      "6,24": 68.26419266350405,
      "6,25": 11.313708498984761,
      "6,1000": 59.784390447975795,
      "6,1001": 35.740716191071655,
      "6,1002": 15.91357610921709,
      "6,1003": 83.11138727483713,
      "6,1004": 40.7193018148343,
      "6,1005": 38.831584471200024,
      "6,1006": 36.18455962704436,
      "6,1007": 12.62147494383521,
      "6,1008": 50.98836272471133,
      "6,1009": 84.27363823300146,
      "7,1": 31.622776601683793,
      "7,2": 32.64965543462902,
      "7,3": 27.459060435491963,
      "7,4": 53.53503525729669,
      "7,5": 95.88534820294495,
      "7,6": 87.28115489611719,
      "7,7": 0.0,
      "7,8": 35.73513677041127,
      "7,9": 88.36288813749809,
      "7,10": 53.75872022286245,
      "7,11": 15.620499351813308,
      "7,12": 83.00602387778854,
      "7,13": 57.723478758647246,
      "7,14": 20.248456731316587,
      "7,15": 72.69112738154499,
      "7,16": 16.76305461424021,
      "7,17": 60.8276253029822,
      "7,18": 78.26237921249263,
      "7,19": 58.52349955359813,
      "7,20": 70.8590149522275,
      "7,21": 25.553864678361276,
      "7,22": 65.7875368135941,
      "7,23": 83.15046602394962,
      "7,24": 19.026297590440446,
      "7,25": 96.17692030835673,
      "7,1000": 47.22855069321373,
      "7,1001": 58.01788010569484,
      "7,1002": 71.39512070315251,
      "7,1003": 10.427577377880496,
      "7,1004": 48.19262176464578,
      "7,1005": 92.16151509119476,
      "7,1006": 52.69104366380696,
      "7,1007": 76.7029535714249,
      "7,1008": 36.42358474985325,
      "7,1009": 31.958877444864928,
      "8,1": 30.610455730027933,
      "8,2": 26.1725046566048,
      "8,3": 9.219544457292887,
      "8,4": 21.095023109728988,
      "8,5": 65.55150646628954,
      "8,6": 55.97320787662612,
      "8,7": 35.73513677041127,
      "8,8": 0.0,
      "8,9": 57.245087125446844,
      "8,10": 19.1049731745428,
      "8,11": 22.02271554554524,
      "8,12": 47.4236228055175,
      "8,13": 22.20360331117452,
      "8,14": 15.524174696260024,
      "8,15": 43.41658669218482,
      "8,16": 18.973665961010276,
      "8,17": 33.421549934136806,
      "8,18": 43.104524124504614,
      "8,19": 25.80697580112788,
      "8,20": 42.190046219457976,
      "8,21": 26.832815729997478,
      "8,22": 30.083217912982647,
      "8,23": 49.36598018878993,
      "8,24": 19.209372712298546,
      "8,25": 66.30987860040162,
      "8,1000": 17.19764611899715,
      "8,1001": 22.778249727033337,
      "8,1002": 41.042809722316804,
      "8,1003": 28.65190892167178,
      "8,1004": 15.362634616727187,
      "8,1005": 56.472380389235305,
      "8,1006": 29.032035395011018,
      "8,1007": 47.86634489306034,
      "8,1008": 11.816457335911927,
      "8,1009": 29.592897605551574,
      "9,1": 86.76404785393545,
      "9,2": 81.8413098624405,
      "9,3": 62.369864518050704,
      "9,4": 56.72741841473134,
      "9,5": 8.602325267042627,
      "9,6": 1.4142135623730951,
      "9,7": 88.36288813749809,
      "9,8": 57.245087125446844,
      "9,9": 0.0,
      "9,10": 38.91015291668744,
      "9,11": 78.10249675906654,
      "9,12": 40.52159917870962,
      "9,13": 38.8329756778952,
      "9,14": 70.61161377563892,
      "9,15": 16.1245154965971,
      "9,16": 73.16419889536138,
      "9,17": 28.071337695236398,
      "9,18": 24.596747752497688,
      "9,19": 55.86591089385369,
      "9,20": 18.24828759089466,
      "9,21": 66.18912297349165,
      "9,22": 39.698866482558415,
      "9,23": 13.92838827718412,
      "9,24": 69.35416353759881,
      "9,25": 9.899494936611665,
      "9,1000": 61.17936439772006,
      "9,1001": 37.12107540580005,
      "9,1002": 16.96817590784785,
      "9,1003": 84.28798260381448,
      "9,1004": 41.96834804842061,
      "9,1005": 39.85682232561223,
      "9,1006": 37.04236077009398,
      "9,1007": 13.147253274596684,
      "9,1008": 52.113745130249924,
      "9,1009": 85.61188056822547,
      "10,1": 47.853944456021594,
      "10,2": 42.941821107167776,
      "10,3": 26.30589287593181,
      "10,4": 21.540659228538015,
      "10,5": 47.41307836451879,
      "10,6": 37.57658845611187,
      "10,7": 53.75872022286245,
      "10,8": 19.1049731745428,
      "10,9": 38.91015291668744,
      "10,10": 0.0,
      "10,11": 41.012193308819754,
      "10,12": 32.55764119219941,
      "10,13": 5.830951894845301,
      "10,14": 34.058772731852805,
      "10,15": 26.870057685088806,
      "10,16": 37.21558813185679,
      "10,17": 20.248456731316587,
      "10,18": 24.515301344262525,
      "10,19": 23.345235059857504,
      "10,20": 26.248809496813376,
      "10,21": 38.01315561749642,
      "10,22": 15.811388300841896,
      "10,23": 30.265491900843113,
      "10,24": 35.4400902933387,
      "10,25": 48.373546489791295,
      "10,1000": 23.760510862474376,
      "10,1001": 4.832184553927879,
      "10,1002": 23.869011290189928,
      "10,1003": 47.57533845035296,
      "10,1004": 6.674024932113776,
      "10,1005": 40.53124225834928,
      "10,1006": 21.450146430826475,
      "10,1007": 31.282132940183075,
      "10,1008": 19.142491891866353,
      "10,1009": 46.70330972401895,
      "11,1": 20.09975124224178,
      "11,2": 19.235384061671343,
      "11,3": 15.811388300841896,
      "11,4": 38.07886552931954,
      "11,5": 86.1278120005379,
      "11,6": 76.90253571892151,
      "11,7": 15.620499351813308,
      "11,8": 22.02271554554524,
      "11,9": 78.10249675906654,
      "11,10": 41.012193308819754,
      "11,11": 0.0,
      "11,12": 68.30812543175226,
      "11,13": 44.181444068749045,
      "11,14": 7.615773105863909,
      "11,15": 63.245553203367585,
      "11,16": 6.4031242374328485,
      "11,17": 52.0,
      "11,18": 65.12296062065974,
      "11,19": 43.04648650006177,
      "11,20": 61.68468205316454,
      "11,21": 25.079872407968907,
      "11,22": 51.419840528729765,
      "11,23": 71.17583859709698,
      "11,24": 13.038404810405298,
      "11,25": 86.68333173107735,
      "11,1000": 31.66380304544883,
      "11,1001": 44.80096461236242,
      "11,1002": 61.371272599056546,
      "11,1003": 6.6657301145435985,
      "11,1004": 36.372764247308744,
      "11,1005": 77.62341069589755,
      "11,1006": 45.151478219872395,
      "11,1007": 67.54601518202071,
      "11,1008": 26.607150120906685,
      "11,1009": 19.93065467904731,
      "12,1": 67.00746227100382,
      "12,2": 62.03224967708329,
      "12,3": 56.356011214421486,
      "12,4": 32.0624390837628,
      "12,5": 47.53945729601885,
      "12,6": 39.293765408777,
      "12,7": 83.00602387778854,
      "12,8": 47.4236228055175,
      "12,9": 40.52159917870962,
      "12,10": 32.55764119219941,
      "12,11": 68.30812543175226,
      "12,12": 0.0,
      "12,13": 27.018512172212592,
      "12,14": 62.76941930590086,
      "12,15": 41.30375285612676,
      "12,16": 66.30987860040162,
      "12,17": 44.384682042344295,
      "12,18": 17.0,
      "12,19": 28.0178514522438,
      "12,20": 42.579337712087536,
      "12,21": 70.43436661176133,
      "12,22": 17.4928556845359,
      "12,23": 26.68332812825267,
      "12,24": 66.24198064671678,
      "12,25": 49.39635614091387,
      "12,1000": 38.85950792859311,
      "12,1001": 27.735997544236014,
      "12,1002": 38.03085823123026,
      "12,1003": 74.90785238543297,
      "12,1004": 39.23001125454814,
      "12,1005": 9.527153273693244,
      "12,1006": 50.46020460725106,
      "12,1007": 43.57802973999495,
      "12,1008": 51.41230869725431,
      "12,1009": 65.76668196485332,
      "13,1": 48.703182647543684,
      "13,2": 43.657759905886145,
      "13,3": 30.364452901377952,
      "13,4": 18.601075237738275,
      "13,5": 47.43416490252569,
      "13,6": 37.44329045369811,
      "13,7": 57.723478758647246,
      "13,8": 22.20360331117452,
      "13,9": 38.8329756778952,
      "13,10": 5.830951894845301,
      "13,11": 44.181444068749045,
      "13,12": 27.018512172212592,
      "13,13": 0.0,
      "13,14": 37.656340767525464,
      "13,15": 28.844410203711913,
      "13,16": 41.0,
      "13,17": 24.331050121192877,
      "13,18": 21.0,
      "13,19": 19.313207915827967,
      "13,20": 28.653097563788805,
      "13,21": 43.41658669218482,
      "13,22": 10.0,
      "13,23": 28.460498941515414,
      "13,24": 39.92492955535426,
      "13,25": 48.60041152089147,
      "13,1000": 22.36739312783536,
      "13,1001": 2.09819131347694,
      "13,1002": 25.51211784210856,
      "13,1003": 50.83119274724234,
      "13,1004": 12.35297158991081,
      "13,1005": 35.32071074830622,
      "13,1006": 26.80607830137927,
      "13,1007": 33.04754837845641,
      "13,1008": 24.404539681881857,
      "13,1009": 47.50350726145746,
      "14,1": 24.698178070456937,
      "14,2": 22.360679774997898,
      "14,3": 8.246211251235321,
      "14,4": 34.058772731852805,
      "14,5": 78.587530817554,
      "14,6": 69.42621983083913,
      "14,7": 20.248456731316587,
      "14,8": 15.524174696260024,
      "14,9": 70.61161377563892,
      "14,10": 34.058772731852805,
      "14,11": 7.615773105863909,
      "14,12": 62.76941930590086,
      "14,13": 37.656340767525464,
      "14,14": 0.0,
      "14,15": 55.65968020030299,
      "14,16": 3.605551275463989,
      "14,17": 44.384682042344295,
      "14,18": 58.42088667591412,
      "14,19": 39.05124837953327,
      "14,20": 54.08326913195984,
      "14,21": 20.223748416156685,
      "14,22": 45.5411901469428,
      "14,23": 64.03124237432849,
      "14,24": 8.0,
      "14,25": 79.12016177940993,
      "14,1000": 28.258497846614997,
      "14,1001": 38.089599363717475,
      "14,1002": 53.83053333048027,
      "14,1003": 13.708313659313855,
      "14,1004": 29.06971732035836,
      "14,1005": 71.91306018990828,
      "14,1006": 37.59471052608571,
      "14,1007": 59.948027384028826,
      "14,1008": 18.991441704888857,
      "14,1009": 24.193738676017247,
      "15,1": 73.78346698278686,
      "15,2": 69.06518659932803,
      "15,3": 47.43416490252569,
      "15,4": 47.43416490252569,
      "15,5": 23.194827009486403,
      "15,6": 15.297058540778355,
      "15,7": 72.69112738154499,
      "15,8": 43.41658669218482,
      "15,9": 16.1245154965971,
      "15,10": 26.870057685088806,
      "15,11": 63.245553203367585,
      "15,12": 41.30375285612676,
      "15,13": 28.844410203711913,
      "15,14": 55.65968020030299,
      "15,15": 0.0,
      "15,16": 57.97413216254298,
      "15,17": 12.0,
      "15,18": 24.515301344262525,
      "15,19": 47.885279575251516,
      "15,20": 2.23606797749979,
      "15,21": 50.08991914547278,
      "15,22": 33.52610922848042,
      "15,23": 18.601075237738275,
      "15,24": 53.75872022286245,
      "15,25": 23.53720459187964,
      "15,1000": 50.54350924730795,
      "15,1001": 26.80081100970826,
      "15,1002": 3.5488578489223785,
      "15,1003": 69.20749847705925,
      "15,1004": 28.122515244634585,
      "15,1005": 44.26730094192649,
      "15,1006": 20.918349988911828,
      "15,1007": 4.471686544181976,
      "15,1008": 36.81021136525265,
      "15,1009": 72.69670565990101,
      "16,1": 25.709920264364882,
      "16,2": 24.020824298928627,
      "16,3": 11.0,
      "16,4": 37.64306044943742,
      "16,5": 81.02468759581859,
      "16,6": 72.00694410957877,
      "16,7": 16.76305461424021,
      "16,8": 18.973665961010276,
      "16,9": 73.16419889536138,
      "16,10": 37.21558813185679,
      "16,11": 6.4031242374328485,
      "16,12": 66.30987860040162,
      "16,13": 41.0,
      "16,14": 3.605551275463989,
      "16,15": 57.97413216254298,
      "16,16": 0.0,
      "16,17": 46.486557196677836,
      "16,18": 61.66036003787198,
      "16,19": 42.638011210655684,
      "16,20": 56.32051136131489,
      "16,21": 18.973665961010276,
      "16,22": 49.040799340956916,
      "16,23": 67.0,
      "16,24": 6.708203932499369,
      "16,25": 81.49233092751734,
      "16,1000": 31.77848727534343,
      "16,1001": 41.3583420129681,
      "16,1002": 56.293898940690134,
      "16,1003": 11.273333689463392,
      "16,1004": 31.97380754328219,
      "16,1005": 75.42378749692722,
      "16,1006": 39.270353945716046,
      "16,1007": 62.19761559438765,
      "16,1008": 21.164245718263867,
      "16,1009": 25.366423855086317,
      "17,1": 64.03124237432849,
      "17,2": 59.54829972383762,
      "17,3": 36.24913792078372,
      "17,4": 41.78516483155236,
      "17,5": 35.12833614050059,
      "17,6": 27.16615541441225,
      "17,7": 60.8276253029822,
      "17,8": 33.421549934136806,
      "17,9": 28.071337695236398,
      "17,10": 20.248456731316587,
      "17,11": 52.0,
      "17,12": 44.384682042344295,
      "17,13": 24.331050121192877,
      "17,14": 44.384682042344295,
      "17,15": 12.0,
      "17,16": 46.486557196677836,
      "17,17": 0.0,
      "17,18": 29.410882339705484,
      "17,19": 43.41658669218482,
      "17,20": 10.04987562112089,
      "17,21": 38.118237105091836,
      "17,22": 32.0624390837628,
      "17,23": 27.459060435491963,
      "17,24": 41.97618372363071,
      "17,25": 35.35533905932738,
      "17,1000": 43.46813864373729,
      "17,1001": 22.279789747623006,
      "17,1002": 11.610707940756813,
      "17,1003": 57.75700805306955,
      "17,1004": 18.925926239716574,
      "17,1005": 49.51141201184051,
      "17,1006": 9.098668480877972,
      "17,1007": 15.87539826041299,
      "17,1008": 25.39787555522388,
      "17,1009": 63.01289525843111,
      "18,1": 68.8839603971781,
      "18,2": 63.788713735268246,
      "18,3": 50.80354318352215,
      "18,4": 35.34119409414458,
      "18,5": 32.449961479175904,
      "18,6": 23.259406699226016,
      "18,7": 78.26237921249263,
      "18,8": 43.104524124504614,
      "18,9": 24.596747752497688,
      "18,10": 24.515301344262525,
      "18,11": 65.12296062065974,
      "18,12": 17.0,
      "18,13": 21.0,
      "18,14": 58.42088667591412,
      "18,15": 24.515301344262525,
      "18,16": 61.66036003787198,
      "18,17": 29.410882339705484,
      "18,18": 0.0,
      "18,19": 33.28663395418648,
      "18,20": 25.96150997149434,
      "18,21": 61.26989472816156,
      "18,22": 17.0,
      "18,23": 10.816653826391969,
      "18,24": 59.90826320300064,
      "18,25": 34.132096331752024,
      "18,1000": 41.052928794762344,
      "18,1001": 20.340051033677902,
      "18,1002": 21.400780354829752,
      "18,1003": 71.75632670346555,
      "18,1004": 30.508932650861286,
      "18,1005": 20.197206019645925,
      "18,1006": 36.8842938204546,
      "18,1007": 26.59105013752056,
      "18,1008": 43.115841852472684,
      "18,1009": 67.65655016926168,
      "19,1": 39.05124837953327,
      "19,2": 34.132096331752024,
      "19,3": 34.828149534535996,
      "19,4": 5.0,
      "19,5": 64.35060217278468,
      "19,6": 54.45181356024793,
      "19,7": 58.52349955359813,
      "19,8": 25.80697580112788,
      "19,9": 55.86591089385369,
      "19,10": 23.345235059857504,
      "19,11": 43.04648650006177,
      "19,12": 28.0178514522438,
      "19,13": 19.313207915827967,
      "19,14": 39.05124837953327,
      "19,15": 47.885279575251516,
      "19,16": 42.638011210655684,
      "19,17": 43.41658669218482,
      "19,18": 33.28663395418648,
      "19,19": 0.0,
      "19,20": 47.853944456021594,
      "19,21": 52.478567053607705,
      "19,22": 16.401219466856727,
      "19,23": 43.41658669218482,
      "19,24": 44.598206241955516,
      "19,25": 65.76473218982953,
      "19,1000": 11.562601668566403,
      "19,1001": 21.411390083012513,
      "19,1002": 44.448294896080384,
      "19,1003": 49.31695279873597,
      "19,1004": 27.407506840020485,
      "19,1005": 37.491476181607304,
      "19,1006": 44.43126171049141,
      "19,1007": 51.92849591708091,
      "19,1008": 34.911776477959386,
      "19,1009": 37.81520675762925,
      "20,1": 72.67048919609665,
      "20,2": 68.00735254367721,
      "20,3": 45.880278987817846,
      "20,4": 47.16990566028302,
      "20,5": 25.079872407968907,
      "20,6": 17.46424919657298,
      "20,7": 70.8590149522275,
      "20,8": 42.190046219457976,
      "20,9": 18.24828759089466,
      "20,10": 26.248809496813376,
      "20,11": 61.68468205316454,
      "20,12": 42.579337712087536,
      "20,13": 28.653097563788805,
      "20,14": 54.08326913195984,
      "20,15": 2.23606797749979,
      "20,16": 56.32051136131489,
      "20,17": 10.04987562112089,
      "20,18": 25.96150997149434,
      "20,19": 47.853944456021594,
      "20,20": 0.0,
      "20,21": 48.041648597857254,
      "20,22": 33.95585369269929,
      "20,23": 20.615528128088304,
      "20,24": 51.97114584074513,
      "20,25": 25.317977802344327,
      "20,1000": 50.00095800517543,
      "20,1001": 26.577910119411353,
      "20,1002": 4.563443634044926,
      "20,1003": 67.57357246418661,
      "20,1004": 26.99972715412376,
      "20,1005": 45.893515475667684,
      "20,1006": 18.83331098728673,
      "20,1007": 5.878153774977121,
      "20,1008": 35.16441474558488,
      "20,1009": 71.60036659099947,
      "21,1": 44.64302857109943,
      "21,2": 42.579337712087536,
      "21,3": 18.681541692269406,
      "21,4": 47.885279575251516,
      "21,5": 73.0,
      "21,6": 65.27633568147036,
      "21,7": 25.553864678361276,
      "21,8": 26.832815729997478,
      "21,9": 66.18912297349165,
      "21,10": 38.01315561749642,
      "21,11": 25.079872407968907,
      "21,12": 70.43436661176133,
      "21,13": 43.41658669218482,
      "21,14": 20.223748416156685,
      "21,15": 50.08991914547278,
      "21,16": 18.973665961010276,
      "21,17": 38.118237105091836,
      "21,18": 61.26989472816156,
      "21,19": 52.478567053607705,
      "21,20": 48.041648597857254,
      "21,21": 0.0,
      "21,22": 53.150729063673246,
      "21,23": 63.60031446463138,
      "21,24": 12.36931687685298,
      "21,25": 73.02739212103907,
      "21,1000": 43.7955267960276,
      "21,1001": 42.83662022457361,
      "21,1002": 49.51166335120594,
      "21,1003": 27.469726725574155,
      "21,1004": 31.379798380897284,
      "21,1005": 78.54089194446027,
      "21,1006": 29.223681308558156,
      "21,1007": 53.669834873587206,
      "21,1008": 19.0397764051368,
      "21,1009": 44.24401988367425,
      "22,1": 52.61178575186362,
      "22,2": 47.51841748206689,
      "22,3": 38.91015291668744,
      "22,4": 18.384776310850235,
      "22,5": 48.104053883222775,
      "22,6": 38.28837943815329,
      "22,7": 65.7875368135941,
      "22,8": 30.083217912982647,
      "22,9": 39.698866482558415,
      "22,10": 15.811388300841896,
      "22,11": 51.419840528729765,
      "22,12": 17.4928556845359,
      "22,13": 10.0,
      "22,14": 45.5411901469428,
      "22,15": 33.52610922848042,
      "22,16": 49.040799340956916,
      "22,17": 32.0624390837628,
      "22,18": 17.0,
      "22,19": 16.401219466856727,
      "22,20": 33.95585369269929,
      "22,21": 53.150729063673246,
      "22,22": 0.0,
      "22,23": 27.018512172212592,
      "22,24": 48.76474136094644,
      "22,25": 49.57822102496216,
      "22,1000": 24.380287909421583,
      "22,1001": 11.255029520418894,
      "22,1002": 29.981131950173857,
      "22,1003": 58.070874512400415,
      "22,1004": 22.341658451358587,
      "22,1005": 26.38953624279946,
      "22,1006": 36.027437834326925,
      "22,1007": 37.162440783017665,
      "22,1008": 34.111728377423844,
      "22,1009": 51.3713568768948,
      "23,1": 77.1621668954417,
      "23,2": 72.11102550927978,
      "23,3": 56.0,
      "23,4": 44.94441010848846,
      "23,5": 21.633307652783937,
      "23,6": 12.649110640673518,
      "23,7": 83.15046602394962,
      "23,8": 49.36598018878993,
      "23,9": 13.92838827718412,
      "23,10": 30.265491900843113,
      "23,11": 71.17583859709698,
      "23,12": 26.68332812825267,
      "23,13": 28.460498941515414,
      "23,14": 64.03124237432849,
      "23,15": 18.601075237738275,
      "23,16": 67.0,
      "23,17": 27.459060435491963,
      "23,18": 10.816653826391969,
      "23,19": 43.41658669218482,
      "23,20": 20.615528128088304,
      "23,21": 63.60031446463138,
      "23,22": 27.018512172212592,
      "23,23": 0.0,
      "23,24": 64.28063471995279,
      "23,25": 23.323807579381203,
      "23,1000": 50.12706586280923,
      "23,1001": 27.17394110262491,
      "23,1002": 16.60243168971043,
      "23,1003": 77.67348843382022,
      "23,1004": 35.030700181606775,
      "23,1005": 27.05443822821148,
      "23,1006": 36.22265113528032,
      "23,1007": 19.02707991093898,
      "23,1008": 46.91220105179138,
      "23,1009": 75.96047794859788,
      "24,1": 32.28002478313795,
      "24,2": 30.265491900843113,
      "24,3": 10.0,
      "24,4": 39.698866482558415,
      "24,5": 76.94153624668537,
      "24,6": 68.26419266350405,
      "24,7": 19.026297590440446,
      "24,8": 19.209372712298546,
      "24,9": 69.35416353759881,
      "24,10": 35.4400902933387,
      "24,11": 13.038404810405298,
      "24,12": 66.24198064671678,
      "24,13": 39.92492955535426,
      "24,14": 8.0,
      "24,15": 53.75872022286245,
      "24,16": 6.708203932499369,
      "24,17": 41.97618372363071,
      "24,18": 59.90826320300064,
      "24,19": 44.598206241955516,
      "24,20": 51.97114584074513,
      "24,21": 12.36931687685298,
      "24,22": 48.76474136094644,
      "24,23": 64.28063471995279,
      "24,24": 0.0,
      "24,25": 77.27871634544663,
      "24,1000": 34.5402397541876,
      "24,1001": 39.9436042034374,
      "24,1002": 52.389112695225116,
      "24,1003": 16.804894702418878,
      "24,1004": 29.50995187485537,
      "24,1005": 75.0515837086153,
      "24,1006": 34.16646917081729,
      "24,1007": 57.834620180500366,
      "24,1008": 17.42458582685864,
      "24,1009": 31.87470640438285,
      "25,1": 96.17692030835673,
      "25,2": 91.30169768410661,
      "25,3": 70.8801805866774,
      "25,4": 66.60330322138685,
      "25,5": 2.0,
      "25,6": 11.313708498984761,
      "25,7": 96.17692030835673,
      "25,8": 66.30987860040162,
      "25,9": 9.899494936611665,
      "25,10": 48.373546489791295,
      "25,11": 86.68333173107735,
      "25,12": 49.39635614091387,
      "25,13": 48.60041152089147,
      "25,14": 79.12016177940993,
      "25,15": 23.53720459187964,
      "25,16": 81.49233092751734,
      "25,17": 35.35533905932738,
      "25,18": 34.132096331752024,
      "25,19": 65.76473218982953,
      "25,20": 25.317977802344327,
      "25,21": 73.02739212103907,
      "25,22": 49.57822102496216,
      "25,23": 23.323807579381203,
      "25,24": 77.27871634544663,
      "25,25": 0.0,
      "25,1000": 70.96551018783698,
      "25,1001": 46.840178877856864,
      "25,1002": 25.3507123574552,
      "25,1003": 92.71026495556875,
      "25,1004": 50.953970613623234,
      "25,1005": 47.5950272544913,
      "25,1006": 43.86154857677143,
      "25,1007": 19.48565474974156,
      "25,1008": 60.332806321089194,
      "25,1009": 95.04120184550057,
      "1000,1": 28.381711728916954,
      "1000,2": 23.323491680353484,
      "1000,3": 25.310252848083262,
      "1000,4": 6.848604884745638,
      "1000,5": 69.7816757522173,
      "1000,6": 59.784390447975795,
      "1000,7": 47.22855069321373,
      "1000,8": 17.19764611899715,
      "1000,9": 61.17936439772006,
      "1000,10": 23.760510862474376,
      "1000,11": 31.66380304544883,
      "1000,12": 38.85950792859311,
      "1000,13": 22.36739312783536,
      "1000,14": 28.258497846614997,
      "1000,15": 50.54350924730795,
      "1000,16": 31.77848727534343,
      "1000,17": 43.46813864373729,
      "1000,18": 41.052928794762344,
      "1000,19": 11.562601668566403,
      "1000,20": 50.00095800517543,
      "1000,21": 43.7955267960276,
      "1000,22": 24.380287909421583,
      "1000,23": 50.12706586280923,
      "1000,24": 34.5402397541876,
      "1000,25": 70.96551018783698,
      "1000,1000": 0.0,
      "1000,1001": 24.1847572202735,
      "1000,1002": 47.40944063968429,
      "1000,1003": 37.83299605261976,
      "1000,1004": 24.996759714287247,
      "1000,1005": 48.386658317360165,
      "1000,1006": 42.06835361001795,
      "1000,1007": 54.90535799614837,
      "1000,1008": 28.283098431764998,
      "1000,1009": 27.136797441717054,
      "1001,1": 50.08452037227296,
      "1001,2": 45.066611138915896,
      "1001,3": 30.576391061456828,
      "1001,4": 20.633359845061324,
      "1001,5": 45.71470084164983,
      "1001,6": 35.740716191071655,
      "1001,7": 58.01788010569484,
      "1001,8": 22.778249727033337,
      "1001,9": 37.12107540580005,
      "1001,10": 4.832184553927879,
      "1001,11": 44.80096461236242,
      "1001,12": 27.735997544236014,
      "1001,13": 2.09819131347694,
      "1001,14": 38.089599363717475,
      "1001,15": 26.80081100970826,
      "1001,16": 41.3583420129681,
      "1001,17": 22.279789747623006,
      "1001,18": 20.340051033677902,
      "1001,19": 21.411390083012513,
      "1001,20": 26.577910119411353,
      "1001,21": 42.83662022457361,
      "1001,22": 11.255029520418894,
      "1001,23": 27.17394110262491,
      "1001,24": 39.9436042034374,
      "1001,25": 46.840178877856864,
      "1001,1000": 24.1847572202735,
      "1001,1001": 0.0,
      "1001,1002": 23.493731358828402,
      "1001,1003": 51.425394109521456,
      "1001,1004": 11.504340182877858,
      "1001,1005": 35.71780056872373,
      "1001,1006": 25.038032918953668,
      "1001,1007": 31.030218007755806,
      "1001,1008": 23.92676017270114,
      "1001,1009": 48.896217831324144,
      "1002,1": 71.20091361092706,
      "1002,2": 66.4191925510638,
      "1002,3": 45.58479377301982,
      "1002,4": 44.11319272055755,
      "1002,5": 24.757532478887494,
      "1002,6": 15.91357610921709,
      "1002,7": 71.39512070315251,
      "1002,8": 41.042809722316804,
      "1002,9": 16.96817590784785,
      "1002,10": 23.869011290189928,
      "1002,11": 61.371272599056546,
      "1002,12": 38.03085823123026,
      "1002,13": 25.51211784210856,
      "1002,14": 53.83053333048027,
      "1002,15": 3.5488578489223785,
      "1002,16": 56.293898940690134,
      "1002,17": 11.610707940756813,
      "1002,18": 21.400780354829752,
      "1002,19": 44.448294896080384,
      "1002,20": 4.563443634044926,
      "1002,21": 49.51166335120594,
      "1002,22": 29.981131950173857,
      "1002,23": 16.60243168971043,
      "1002,24": 52.389112695225116,
      "1002,25": 25.3507123574552,
      "1002,1000": 47.40944063968429,
      "1002,1001": 23.493731358828402,
      "1002,1002": 0.0,
      "1002,1003": 67.46617140030884,
      "1002,1004": 25.682413736514665,
      "1002,1005": 41.370133400636426,
      "1002,1006": 20.70611237425473,
      "1002,1007": 7.536531363389195,
      "1002,1008": 35.18889475773424,
      "1002,1009": 70.0943014353105,
      "1003,1": 21.585050933809708,
      "1003,2": 22.259328289312926,
      "1003,3": 21.925862122912967,
      "1003,4": 44.384595992483135,
      "1003,5": 92.21481211002626,
      "1003,6": 83.11138727483713,
      "1003,7": 10.427577377880496,
      "1003,8": 28.65190892167178,
      "1003,9": 84.28798260381448,
      "1003,10": 47.57533845035296,
      "1003,11": 6.6657301145435985,
      "1003,12": 74.90785238543297,
      "1003,13": 50.83119274724234,
      "1003,14": 13.708313659313855,
      "1003,15": 69.20749847705925,
      "1003,16": 11.273333689463392,
      "1003,17": 57.75700805306955,
      "1003,18": 71.75632670346555,
      "1003,19": 49.31695279873597,
      "1003,20": 67.57357246418661,
      "1003,21": 27.469726725574155,
      "1003,22": 58.070874512400415,
      "1003,23": 77.67348843382022,
      "1003,24": 16.804894702418878,
      "1003,25": 92.71026495556875,
      "1003,1000": 37.83299605261976,
      "1003,1001": 51.425394109521456,
      "1003,1002": 67.46617140030884,
      "1003,1003": 0.0,
      "1003,1004": 42.76279226149862,
      "1003,1005": 84.24491554989656,
      "1003,1006": 50.49580332808541,
      "1003,1007": 73.44915920139891,
      "1003,1008": 32.40934198054707,
      "1003,1009": 21.801335633428863,
      "1004,1": 45.6770379507531,
      "1004,2": 41.01098495279257,
      "1004,3": 20.975043508033586,
      "1004,4": 24.56855380220738,
      "1004,5": 50.21812344812673,
      "1004,6": 40.7193018148343,
      "1004,7": 48.19262176464578,
      "1004,8": 15.362634616727187,
      "1004,9": 41.96834804842061,
      "1004,10": 6.674024932113776,
      "1004,11": 36.372764247308744,
      "1004,12": 39.23001125454814,
      "1004,13": 12.35297158991081,
      "1004,14": 29.06971732035836,
      "1004,15": 28.122515244634585,
      "1004,16": 31.97380754328219,
      "1004,17": 18.925926239716574,
      "1004,18": 30.508932650861286,
      "1004,19": 27.407506840020485,
      "1004,20": 26.99972715412376,
      "1004,21": 31.379798380897284,
      "1004,22": 22.341658451358587,
      "1004,23": 35.030700181606775,
      "1004,24": 29.50995187485537,
      "1004,25": 50.953970613623234,
      "1004,1000": 24.996759714287247,
      "1004,1001": 11.504340182877858,
      "1004,1002": 25.682413736514665,
      "1004,1003": 42.76279226149862,
      "1004,1004": 0.0,
      "1004,1005": 47.16457551657921,
      "1004,1006": 17.294974869825722,
      "1004,1007": 32.586655848033615,
      "1004,1008": 12.65962870502637,
      "1004,1009": 44.602121896971106,
      "1005,1": 76.51292858693692,
      "1005,2": 71.5470049132746,
      "1005,3": 65.26058457613415,
      "1005,4": 41.58736521171176,
      "1005,5": 45.62864913113569,
      "1005,6": 38.831584471200024,
      "1005,7": 92.16151509119476,
      "1005,8": 56.472380389235305,
      "1005,9": 39.85682232561223,
      "1005,10": 40.53124225834928,
      "1005,11": 77.62341069589755,
      "1005,12": 9.527153273693244,
