{
  "metadata": {
    "source": "Mankowska HCSRP",
    "seed": 1,
    "sigma": 0.15
  },
  "parameters": {
    "p": 10
  },
  "sets": {
    "customers": [
      1,
      2,
      3,
      4,
      5,
      6,
      7,
      8,
      9,
      10,
      11,
      12,
      13,
      14,
      15,
      16,
      17,
      18,
      19,
      20,
      21,
      22,
      23,
      24,
      25,
      26,
      27,
      28,
      29,
      30,
      31,
      32,
      33,
      34,
      35,
      36,
      37,
      38,
      39,
      40,
      41,
      42,
      43,
      44,
      45,
      46,
      47,
      48,
      49,
      50
    ],
    "facilities": [
      1000,
      1001,
      1002,
      1003,
      1004,
      1005,
      1006,
      1007,
      1008,
      1009,
      1010,
      1011,
      1012,
      1013,
      1014,
      1015,
      1016,
      1017,
      1018,
      1019
    ],
    "vehicles": [
      0,
      1,
      2,
      3,
      4,
      5,
      6,
      7,
      8,
      9
    ]
  },
  "coordinates": {
    "customers": {
      "1": {
        "x": 48.0,
        "y": 23.0
      },
      "2": {
        "x": 59.0,
        "y": 35.0
      },
      "3": {
        "x": 73.0,
        "y": 10.0
      },
      "4": {
        "x": 13.0,
        "y": 47.0
      },
      "5": {
        "x": 46.0,
        "y": 25.0
      },
      "6": {
        "x": 26.0,
        "y": 35.0
      },
      "7": {
        "x": 95.0,
        "y": 49.0
      },
      "8": {
        "x": 11.0,
        "y": 27.0
      },
      "9": {
        "x": 39.0,
        "y": 11.0
      },
      "10": {
        "x": 91.0,
        "y": 16.0
      },
      "11": {
        "x": 6.0,
        "y": 28.0
      },
      "12": {
        "x": 1.0,
        "y": 23.0
      },
      "13": {
        "x": 62.0,
        "y": 24.0
      },
      "14": {
        "x": 93.0,
        "y": 39.0
      },
      "15": {
        "x": 26.0,
        "y": 42.0
      },
      "16": {
        "x": 66.0,
        "y": 47.0
      },
      "17": {
        "x": 50.0,
        "y": 27.0
      },
      "18": {
        "x": 3.0,
        "y": 39.0
      },
      "19": {
        "x": 15.0,
        "y": 10.0
      },
      "20": {
        "x": 52.0,
        "y": 48.0
      },
      "21": {
        "x": 10.0,
        "y": 47.0
      },
      "22": {
        "x": 4.0,
        "y": 8.0
      },
      "23": {
        "x": 84.0,
        "y": 12.0
      },
      "24": {
        "x": 5.0,
        "y": 13.0
      },
      "25": {
        "x": 98.0,
        "y": 40.0
      },
      "26": {
        "x": 48.0,
        "y": 26.0
      },
      "27": {
        "x": 18.0,
        "y": 33.0
      },
      "28": {
        "x": 60.0,
        "y": 19.0
      },
      "29": {
        "x": 42.0,
        "y": 16.0
      },
      "30": {
        "x": 46.0,
        "y": 21.0
      },
      "31": {
        "x": 76.0,
        "y": 11.0
      },
      "32": {
        "x": 99.0,
        "y": 9.0
      },
      "33": {
        "x": 59.0,
        "y": 37.0
      },
      "34": {
        "x": 70.0,
        "y": 21.0
      },
      "35": {
        "x": 38.0,
        "y": 15.0
      },
      "36": {
        "x": 0.0,
        "y": 19.0
      },
      "37": {
        "x": 39.0,
        "y": 19.0
      },
      "38": {
        "x": 46.0,
        "y": 42.0
      },
      "39": {
        "x": 76.0,
        "y": 2.0
      },
      "40": {
        "x": 42.0,
        "y": 8.0
      },
      "41": {
        "x": 78.0,
        "y": 19.0
      },
      "42": {
        "x": 79.0,
        "y": 37.0
      },
      "43": {
        "x": 98.0,
        "y": 16.0
      },
      "44": {
        "x": 71.0,
        "y": 2.0
      },
      "45": {
        "x": 21.0,
        "y": 2.0
      },
      "46": {
        "x": 78.0,
        "y": 48.0
      },
      "47": {
        "x": 46.0,
        "y": 39.0
      },
      "48": {
        "x": 53.0,
        "y": 36.0
      },
      "49": {
        "x": 72.0,
        "y": 4.0
      },
      "50": {
        "x": 0.0,
        "y": 0.0
      }
    },
    "facilities": {
      "1000": {
        "x": 85.50891721986922,
        "y": 49.82824945586993
      },
      "1001": {
        "x": 106.78298325557022,
        "y": 13.624084753764249
      },
      "1002": {
        "x": 70.33198794261227,
        "y": 0.4423315116543467
      },
      "1003": {
        "x": 52.580815751497354,
        "y": 18.4338333254607
      },
      "1004": {
        "x": 96.75775187301144,
        "y": 39.916244827637016
      },
      "1005": {
        "x": 78.66168900515146,
        "y": 6.617330830819686
      },
      "1006": {
        "x": 53.375620746753775,
        "y": 36.192069314754676
      },
      "1007": {
        "x": 37.79563229180971,
        "y": -1.5702058946818234
      },
      "1008": {
        "x": 52.75155951325146,
        "y": 26.129086453048668
      },
      "1009": {
        "x": 61.845887258648915,
        "y": 28.718125317894355
      },
      "1010": {
        "x": 88.8508682435213,
        "y": 44.1989305759058
      },
      "1011": {
        "x": -3.5822008038838717,
        "y": 4.653903707202582
      },
      "1012": {
        "x": 80.42968815166537,
        "y": 6.223835393905592
      },
      "1013": {
        "x": 56.7288117359892,
        "y": 21.442139999228303
      },
      "1014": {
        "x": 90.60071386548654,
        "y": 15.40611132828142
      },
      "1015": {
        "x": 35.067370218658354,
        "y": 20.751612122871187
      },
      "1016": {
        "x": 8.649580016637152,
        "y": 29.923948368566254
      },
      "1017": {
        "x": 53.10567641159201,
        "y": 37.78004515965103
      },
      "1018": {
        "x": 68.69051660302684,
        "y": 42.85479947086135
      },
      "1019": {
        "x": 64.94808495108606,
        "y": 33.28627998601549
      }
    }
  },
  "time_windows": {
    "e": {
      "1": 229.0,
      "2": 76.0,
      "3": 268.0,
      "4": 55.0,
      "5": 119.0,
      "6": 177.0,
      "7": 233.0,
      "8": 216.0,
      "9": 73.0,
      "10": 253.0,
      "11": 86.0,
      "12": 166.0,
      "13": 346.0,
      "14": 418.0,
      "15": 335.0,
      "16": 98.0,
      "17": 251.0,
      "18": 368.0,
      "19": 239.0,
      "20": 324.0,
      "21": 391.0,
      "22": 46.0,
      "23": 146.0,
      "24": 412.0,
      "25": 161.0,
      "26": 294.0,
      "27": 102.0,
      "28": 308.0,
      "29": 393.0,
      "30": 217.0,
      "31": 366.0,
      "32": 210.0,
      "33": 186.0,
      "34": 52.0,
      "35": 50.0,
      "36": 26.0,
      "37": 323.0,
      "38": 315.0,
      "39": 135.0,
      "40": 431.0,
      "41": 352.0,
      "42": 2.0,
      "43": 150.0,
      "44": 410.0,
      "45": 404.0,
      "46": 251.0,
      "47": 44.0,
      "48": 227.0,
      "49": 5.0,
      "50": 73.0
    },
    "l": {
      "1": 349.0,
      "2": 196.0,
      "3": 388.0,
      "4": 175.0,
      "5": 239.0,
      "6": 297.0,
      "7": 353.0,
      "8": 336.0,
      "9": 193.0,
      "10": 373.0,
      "11": 206.0,
      "12": 286.0,
      "13": 466.0,
      "14": 538.0,
      "15": 455.0,
      "16": 218.0,
      "17": 371.0,
      "18": 488.0,
      "19": 359.0,
      "20": 444.0,
      "21": 511.0,
      "22": 166.0,
      "23": 266.0,
      "24": 532.0,
      "25": 281.0,
      "26": 414.0,
      "27": 222.0,
      "28": 428.0,
      "29": 513.0,
      "30": 337.0,
      "31": 486.0,
      "32": 330.0,
      "33": 306.0,
      "34": 172.0,
      "35": 170.0,
      "36": 146.0,
      "37": 443.0,
      "38": 435.0,
      "39": 255.0,
      "40": 551.0,
      "41": 472.0,
      "42": 122.0,
      "43": 270.0,
      "44": 530.0,
      "45": 524.0,
      "46": 371.0,
      "47": 164.0,
      "48": 347.0,
      "49": 125.0,
      "50": 193.0
    }
  },
  "travel_time": {
    "matrix": {
      "1,1": 0.0,
      "1,2": 16.278820596099706,
      "1,3": 28.178005607210743,
      "1,4": 42.43819034784589,
      "1,5": 2.8284271247461903,
      "1,6": 25.059928172283335,
      "1,7": 53.71219600798314,
      "1,8": 37.21558813185679,
      "1,9": 15.0,
      "1,10": 43.56604182158393,
      "1,11": 42.2965719651132,
      "1,12": 47.0,
      "1,13": 14.035668847618199,
      "1,14": 47.75981574503821,
      "1,15": 29.068883707497267,
      "1,16": 30.0,
      "1,17": 4.47213595499958,
      "1,18": 47.75981574503821,
      "1,19": 35.4682957019364,
      "1,20": 25.317977802344327,
      "1,21": 44.94441010848846,
      "1,22": 46.486557196677836,
      "1,23": 37.64306044943742,
      "1,24": 44.14748010928823,
      "1,25": 52.81098370604357,
      "1,26": 3.0,
      "1,27": 31.622776601683793,
      "1,28": 12.649110640673518,
      "1,29": 9.219544457292887,
      "1,30": 2.8284271247461903,
      "1,31": 30.463092423455635,
      "1,32": 52.88667128870941,
      "1,33": 17.804493814764857,
      "1,34": 22.090722034374522,
      "1,35": 12.806248474865697,
      "1,36": 48.16637831516918,
      "1,37": 9.848857801796104,
      "1,38": 19.1049731745428,
      "1,39": 35.0,
      "1,40": 16.15549442140351,
      "1,41": 30.265491900843113,
      "1,42": 34.0147027033899,
      "1,43": 50.48762224545735,
      "1,44": 31.144823004794873,
      "1,45": 34.20526275297414,
      "1,46": 39.05124837953327,
      "1,47": 16.1245154965971,
      "1,48": 13.92838827718412,
      "1,49": 30.610455730027933,
      "1,50": 53.225933528685054,
      "1,1000": 46.11587405518176,
      "1,1001": 59.52601874079304,
      "1,1002": 31.74218160585505,
      "1,1003": 6.467901595482074,
      "1,1004": 51.60889174143063,
      "1,1005": 34.7639327717023,
      "1,1006": 14.245279611794972,
      "1,1007": 26.604964537300443,
      "1,1008": 5.689332108307892,
      "1,1009": 14.98017193260347,
      "1,1010": 46.02377748307511,
      "1,1011": 54.74762724499385,
      "1,1012": 36.511975740913286,
      "1,1013": 8.86674021861175,
      "1,1014": 43.272254008862454,
      "1,1015": 13.126620323116864,
      "1,1016": 39.954932284733175,
      "1,1017": 15.63706067460285,
      "1,1018": 28.675957513712518,
      "1,1019": 19.82536606118365,
      "2,1": 16.278820596099706,
      "2,2": 0.0,
      "2,3": 28.653097563788805,
      "2,4": 47.53945729601885,
      "2,5": 16.401219466856727,
      "2,6": 33.0,
      "2,7": 38.62641583165593,
      "2,8": 48.662100242385755,
      "2,9": 31.240998703626616,
      "2,10": 37.21558813185679,
      "2,11": 53.46026561849464,
      "2,12": 59.22837157984339,
      "2,13": 11.40175425099138,
      "2,14": 34.23448553724738,
      "2,15": 33.734255586866,
      "2,16": 13.892443989449804,
      "2,17": 12.041594578792296,
      "2,18": 56.142675390472796,
      "2,19": 50.60632371551998,
      "2,20": 14.7648230602334,
      "2,21": 50.44799302251776,
      "2,22": 61.26989472816156,
      "2,23": 33.97057550292606,
      "2,24": 58.309518948453004,
      "2,25": 39.319206502675,
      "2,26": 14.212670403551895,
      "2,27": 41.048751503547585,
      "2,28": 16.0312195418814,
      "2,29": 25.495097567963924,
      "2,30": 19.1049731745428,
      "2,31": 29.410882339705484,
      "2,32": 47.70744176750625,
      "2,33": 2.0,
      "2,34": 17.804493814764857,
      "2,35": 29.0,
      "2,36": 61.1310068623117,
      "2,37": 25.612496949731394,
      "2,38": 14.7648230602334,
      "2,39": 37.12142238654117,
      "2,40": 31.906112267087632,
      "2,41": 24.839484696748443,
      "2,42": 20.09975124224178,
      "2,43": 43.382023926967726,
      "2,44": 35.11409973215888,
      "2,45": 50.32891812864648,
      "2,46": 23.021728866442675,
      "2,47": 13.601470508735444,
      "2,48": 6.082762530298219,
      "2,49": 33.61547262794322,
      "2,50": 68.60029154456998,
      "2,1000": 30.37432590355522,
      "2,1001": 52.346377538625894,
      "2,1002": 36.368205923332376,
      "2,1003": 17.766367234323425,
      "2,1004": 38.07646635008515,
      "2,1005": 34.52763999613111,
      "2,1006": 5.7493191975682,
      "2,1007": 42.2729839150676,
      "2,1008": 10.850627432269667,
      "2,1009": 6.896450087590001,
      "2,1010": 31.23611145185014,
      "2,1011": 69.55154504156882,
      "2,1012": 35.87895182017819,
      "2,1013": 13.74677649236742,
      "2,1014": 37.182329003009684,
      "2,1015": 27.85295900524525,
      "2,1016": 50.6056428935154,
      "2,1017": 6.517031659779013,
      "2,1018": 12.474132705762855,
      "2,1019": 6.190036419252114,
      "3,1": 28.178005607210743,
      "3,2": 28.653097563788805,
      "3,3": 0.0,
      "3,4": 70.49113419430843,
      "3,5": 30.886890422961002,
      "3,6": 53.23532661682466,
      "3,7": 44.77722635447622,
      "3,8": 64.28841264178172,
      "3,9": 34.0147027033899,
      "3,10": 18.973665961010276,
      "3,11": 69.3757882838098,
      "3,12": 73.16419889536138,
      "3,13": 17.804493814764857,
      "3,14": 35.22782990761707,
      "3,15": 56.859475903318,
      "3,16": 37.656340767525464,
      "3,17": 28.600699292150182,
      "3,18": 75.76938695805846,
      "3,19": 58.0,
      "3,20": 43.41658669218482,
      "3,21": 73.06161783043132,
      "3,22": 69.02897942168927,
      "3,23": 11.180339887498949,
      "3,24": 68.06614430096654,
      "3,25": 39.05124837953327,
      "3,26": 29.68164415931166,
      "3,27": 59.61543424315552,
      "3,28": 15.811388300841896,
      "3,29": 31.575306807693888,
      "3,30": 29.154759474226502,
      "3,31": 3.1622776601683795,
      "3,32": 26.019223662515376,
      "3,33": 30.4138126514911,
      "3,34": 11.40175425099138,
      "3,35": 35.35533905932738,
      "3,36": 73.55270219373317,
      "3,37": 35.17101079013795,
      "3,38": 41.86884283091664,
      "3,39": 8.54400374531753,
      "3,40": 31.064449134018133,
      "3,41": 10.295630140987,
      "3,42": 27.65863337187866,
      "3,43": 25.709920264364882,
      "3,44": 8.246211251235321,
      "3,45": 52.61178575186362,
      "3,46": 38.3275357934736,
      "3,47": 39.6232255123179,
      "3,48": 32.802438933713454,
      "3,49": 6.082762530298219,
      "3,50": 73.68174807915459,
      "3,1000": 41.746406608623744,
      "3,1001": 33.976814858791634,
      "3,1002": 9.923069851184248,
      "3,1003": 22.09236587457192,
      "3,1004": 38.20225750720365,
      "3,1005": 6.595238668856188,
      "3,1006": 32.728286787794964,
      "3,1007": 37.0569449655365,
      "3,1008": 25.887193203499596,
      "3,1009": 21.78950312566049,
      "3,1010": 37.69372463168235,
      "3,1011": 76.76857576859331,
      "3,1012": 8.334247726298816,
      "3,1013": 19.891559398016614,
      "3,1014": 18.412255925564985,
      "3,1015": 39.42691422580517,
      "3,1016": 67.36423584238509,
      "3,1017": 34.16891891928302,
      "3,1018": 33.13622633039705,
      "3,1019": 24.639078139046358,
      "4,1": 42.43819034784589,
      "4,2": 47.53945729601885,
      "4,3": 70.49113419430843,
      "4,4": 0.0,
      "4,5": 39.66106403010388,
      "4,6": 17.69180601295413,
      "4,7": 82.02438661763951,
      "4,8": 20.09975124224178,
      "4,9": 44.40720662234904,
      "4,10": 83.93449827097318,
      "4,11": 20.248456731316587,
      "4,12": 26.832815729997478,
      "4,13": 54.12947441089743,
      "4,14": 80.39900496896712,
      "4,15": 13.92838827718412,
      "4,16": 53.0,
      "4,17": 42.05948168962618,
      "4,18": 12.806248474865697,
      "4,19": 37.05401462729781,
      "4,20": 39.01281840626232,
      "4,21": 3.0,
      "4,22": 40.024992192379,
      "4,23": 79.1580697086532,
      "4,24": 34.92849839314596,
      "4,25": 85.28774824088158,
      "4,26": 40.8166632639171,
      "4,27": 14.866068747318506,
      "4,28": 54.70831746635972,
      "4,29": 42.44997055358225,
      "4,30": 42.01190307520001,
      "4,31": 72.56031973468694,
      "4,32": 94.02127418834527,
      "4,33": 47.07440918375928,
      "4,34": 62.64982043070834,
      "4,35": 40.607881008493905,
      "4,36": 30.870698080866262,
      "4,37": 38.2099463490856,
      "4,38": 33.37663853655727,
      "4,39": 77.42092740338364,
      "4,40": 48.60041152089147,
      "4,41": 70.77428911688199,
      "4,42": 66.75327707311455,
      "4,43": 90.47651629014017,
      "4,44": 73.40980860893181,
      "4,45": 45.70557952810576,
      "4,46": 65.00769185258002,
      "4,47": 33.95585369269929,
      "4,48": 41.48493702538308,
      "4,49": 73.00684899377592,
      "4,50": 48.76474136094644,
      "4,1000": 72.56405495410573,
      "4,1001": 99.5449630410222,
      "4,1002": 73.85508334923557,
      "4,1003": 48.81256860718908,
      "4,1004": 84.05677001980823,
      "4,1005": 77.08577931263778,
      "4,1006": 41.79715440532718,
      "4,1007": 54.53336851325454,
      "4,1008": 44.89745556287003,
      "4,1009": 52.15503469442673,
      "4,1010": 75.90257046513395,
      "4,1011": 45.47704096287706,
      "4,1012": 78.80011703172876,
      "4,1013": 50.649908032104385,
      "4,1014": 83.78570638142321,
      "4,1015": 34.29207918041034,
      "4,1016": 17.621512232241418,
      "4,1017": 41.15182678435311,
      "4,1018": 55.8445729407861,
      "4,1019": 53.72773628869184,
      "5,1": 2.8284271247461903,
      "5,2": 16.401219466856727,
      "5,3": 30.886890422961002,
      "5,4": 39.66106403010388,
      "5,5": 0.0,
      "5,6": 22.360679774997898,
      "5,7": 54.56189146281496,
      "5,8": 35.05709628591621,
      "5,9": 15.652475842498529,
      "5,10": 45.89117562233506,
      "5,11": 40.11234224026316,
      "5,12": 45.044422518220834,
      "5,13": 16.0312195418814,
      "5,14": 49.040799340956916,
      "5,15": 26.248809496813376,
      "5,16": 29.732137494637012,
      "5,17": 4.47213595499958,
      "5,18": 45.221676218380054,
      "5,19": 34.438350715445125,
      "5,20": 23.769728648009426,
      "5,21": 42.190046219457976,
      "5,22": 45.31004303683677,
      "5,23": 40.162171256046406,
      "5,24": 42.720018726587654,
      "5,25": 54.120236510939236,
      "5,26": 2.23606797749979,
      "5,27": 29.120439557122072,
      "5,28": 15.231546211727817,
      "5,29": 9.848857801796104,
      "5,30": 4.0,
      "5,31": 33.1058907144937,
      "5,32": 55.362442142665635,
      "5,33": 17.69180601295413,
      "5,34": 24.331050121192877,
      "5,35": 12.806248474865697,
      "5,36": 46.389654018972806,
      "5,37": 9.219544457292887,
      "5,38": 17.0,
      "5,39": 37.8021163428716,
      "5,40": 17.46424919657298,
      "5,41": 32.55764119219941,
      "5,42": 35.11409973215888,
      "5,43": 52.773099207835045,
      "5,44": 33.97057550292606,
      "5,45": 33.97057550292606,
      "5,46": 39.408120990476064,
      "5,47": 14.0,
      "5,48": 13.038404810405298,
      "5,49": 33.421549934136806,
      "5,50": 52.354560450833695,
      "5,1000": 46.66258148591207,
      "5,1001": 61.83835784637613,
      "5,1002": 34.570575911067984,
      "5,1003": 9.296326196567447,
      "5,1004": 52.904099415453665,
      "5,1005": 37.479440423421,
      "5,1006": 13.403812776453494,
      "5,1007": 27.808047230558646,
      "5,1008": 6.84531899033451,
      "5,1009": 16.276258749890253,
      "5,1010": 46.95525364090874,
      "5,1011": 53.59438656158355,
      "5,1012": 39.2166773648161,
      "5,1013": 11.30335211569518,
      "5,1014": 45.62089846941129,
      "5,1015": 11.72907470734215,
      "5,1016": 37.673586774687344,
      "5,1017": 14.622591820500729,
      "5,1018": 28.87305678062001,
      "5,1019": 20.68072434225201,
      "6,1": 25.059928172283335,
      "6,2": 33.0,
      "6,3": 53.23532661682466,
      "6,4": 17.69180601295413,
      "6,5": 22.360679774997898,
      "6,6": 0.0,
      "6,7": 70.40596565632774,
      "6,8": 17.0,
      "6,9": 27.294688127912362,
      "6,10": 67.72001181334805,
      "6,11": 21.18962010041709,
      "6,12": 27.730849247724095,
      "6,13": 37.64306044943742,
      "6,14": 67.11929677819934,
      "6,15": 7.0,
      "6,16": 41.7612260356422,
      "6,17": 25.298221281347036,
      "6,18": 23.345235059857504,
      "6,19": 27.313000567495326,
      "6,20": 29.068883707497267,
      "6,21": 20.0,
      "6,22": 34.828149534535996,
      "6,23": 62.39390995922599,
      "6,24": 30.4138126514911,
      "6,25": 72.17340230306452,
      "6,26": 23.769728648009426,
      "6,27": 8.246211251235321,
      "6,28": 37.57658845611187,
      "6,29": 24.839484696748443,
      "6,30": 24.413111231467404,
      "6,31": 55.46169849544819,
      "6,32": 77.4919350642375,
      "6,33": 33.06055050963308,
      "6,34": 46.17358552246078,
      "6,35": 23.323807579381203,
      "6,36": 30.528675044947494,
      "6,37": 20.615528128088304,
      "6,38": 21.18962010041709,
      "6,39": 59.90826320300064,
      "6,40": 31.38470965295043,
      "6,41": 54.405882034941776,
      "6,42": 53.03772242470448,
      "6,43": 74.46475676452586,
      "6,44": 55.80322571321482,
      "6,45": 33.37663853655727,
      "6,46": 53.600373133029585,
      "6,47": 20.396078054371138,
      "6,48": 27.018512172212592,
      "6,49": 55.47071299343465,
      "6,50": 43.60045871318328,
      "6,1000": 61.32852689089111,
      "6,1001": 83.56327025843348,
      "6,1002": 56.209942237066194,
      "6,1003": 31.3205626434722,
      "6,1004": 70.92833646243173,
      "6,1005": 59.82331817980702,
      "6,1006": 27.401562738670133,
      "6,1007": 38.425472024986306,
      "6,1008": 28.184021067770285,
      "6,1009": 36.39216375652111,
      "6,1010": 63.520484591230954,
      "6,1011": 42.379147757040144,
      "6,1012": 61.5683246623179,
      "6,1013": 33.58683430313718,
      "6,1014": 67.506834507405,
      "6,1015": 16.88886496421011,
      "6,1016": 18.07770377465175,
      "6,1017": 27.247868628933794,
      "6,1018": 43.40712018276211,
      "6,1019": 38.985768655284296,
      "7,1": 53.71219600798314,
      "7,2": 38.62641583165593,
      "7,3": 44.77722635447622,
      "7,4": 82.02438661763951,
      "7,5": 54.56189146281496,
      "7,6": 70.40596565632774,
      "7,7": 0.0,
      "7,8": 86.83317338436964,
      "7,9": 67.67569726275453,
      "7,10": 33.24154027718932,
      "7,11": 91.44397191723465,
      "7,12": 97.52948272189288,
      "7,13": 41.400483088968905,
      "7,14": 10.198039027185569,
      "7,15": 69.35416353759881,
      "7,16": 29.068883707497267,
      "7,17": 50.08991914547278,
      "7,18": 92.5418824100742,
      "7,19": 89.0,
      "7,20": 43.01162633521314,
      "7,21": 85.0235261559999,
      "7,22": 99.80981915623332,
      "7,23": 38.600518131237564,
      "7,24": 96.93296652842108,
      "7,25": 9.486832980505138,
      "7,26": 52.32590180780452,
      "7,27": 78.64477096412705,
      "7,28": 46.09772228646444,
      "7,29": 62.433965115151864,
      "7,30": 56.43580423808985,
      "7,31": 42.485291572496,
      "7,32": 40.19950248448356,
      "7,33": 37.94733192202055,
      "7,34": 37.53664875824692,
      "7,35": 66.37017402418047,
      "7,36": 99.62429422585637,
      "7,37": 63.52952069707436,
      "7,38": 49.49747468305833,
      "7,39": 50.695167422546305,
      "7,40": 67.00746227100382,
      "7,41": 34.48187929913333,
      "7,42": 20.0,
      "7,43": 33.13608305156178,
      "7,44": 52.773099207835045,
      "7,45": 87.66413177577246,
      "7,46": 17.029386365926403,
      "7,47": 50.00999900019995,
      "7,48": 43.965895873961216,
      "7,49": 50.53711507397311,
      "7,50": 106.89246933250256,
      "7,1000": 9.527153273693242,
      "7,1001": 37.28664739434082,
      "7,1002": 54.46428176233946,
      "7,1003": 52.28458412844203,
      "7,1004": 9.252259166198627,
      "7,1005": 45.42280321676081,
      "7,1006": 43.550339110690324,
      "7,1007": 76.35237657810238,
      "7,1008": 48.041746533972464,
      "7,1009": 38.86578999952087,
      "7,1010": 7.801415831341577,
      "7,1011": 108.09730140825599,
      "7,1012": 45.18953690585249,
      "7,1013": 47.16057144439082,
      "7,1014": 33.880718330359294,
      "7,1015": 66.25625653599876,
      "7,1016": 88.43240795742405,
      "7,1017": 43.3707474635809,
      "7,1018": 27.017631394312353,
      "7,1019": 33.91221895991234,
      "8,1": 37.21558813185679,
      "8,2": 48.662100242385755,
      "8,3": 64.28841264178172,
      "8,4": 20.09975124224178,
      "8,5": 35.05709628591621,
      "8,6": 17.0,
      "8,7": 86.83317338436964,
      "8,8": 0.0,
      "8,9": 32.2490309931942,
      "8,10": 80.75270893288967,
      "8,11": 5.0990195135927845,
      "8,12": 10.770329614269007,
      "8,13": 51.088159097779204,
      "8,14": 82.87339742040264,
      "8,15": 21.213203435596427,
      "8,16": 58.52349955359813,
      "8,17": 39.0,
      "8,18": 14.422205101855956,
      "8,19": 17.46424919657298,
      "8,20": 46.06517122512408,
      "8,21": 20.024984394500787,
      "8,22": 20.248456731316587,
      "8,23": 74.52516353554684,
      "8,24": 15.231546211727817,
      "8,25": 87.96590248499699,
      "8,26": 37.013511046643494,
      "8,27": 9.219544457292887,
      "8,28": 49.64876634922564,
      "8,29": 32.89376840679705,
      "8,30": 35.510561809129406,
      "8,31": 66.94027188471824,
      "8,32": 89.82204629154248,
      "8,33": 49.03060268852505,
      "8,34": 59.30430001273095,
      "8,35": 29.546573405388315,
      "8,36": 13.601470508735444,
      "8,37": 29.120439557122072,
      "8,38": 38.07886552931954,
      "8,39": 69.6419413859206,
      "8,40": 36.359317925395686,
      "8,41": 67.47592163134935,
      "8,42": 68.73136110975832,
      "8,43": 87.69264507357501,
      "8,44": 65.0,
      "8,45": 26.92582403567252,
      "8,46": 70.21395872616783,
      "8,47": 37.0,
      "8,48": 42.95346318982906,
      "8,49": 65.19202405202648,
      "8,50": 29.154759474226502,
      "8,1000": 77.92757996047837,
      "8,1001": 96.71243451599865,
      "8,1002": 65.00457329110895,
      "8,1003": 42.454015711778766,
      "8,1004": 86.72497556506117,
      "8,1005": 70.66510710025202,
      "8,1006": 43.361127429530285,
      "8,1007": 39.16966396054972,
      "8,1008": 41.76064190352971,
      "8,1009": 50.87490742721038,
      "8,1010": 79.72804336759395,
      "8,1011": 26.68311450733902,
      "8,1012": 72.47158486315193,
      "8,1013": 46.06532351534852,
      "8,1014": 80.44061102718742,
      "8,1015": 24.865250055147513,
      "8,1016": 3.7515261108291207,
      "8,1017": 43.46374764929747,
      "8,1018": 59.82951088037859,
      "8,1019": 54.313103262032236,
      "9,1": 15.0,
      "9,2": 31.240998703626616,
      "9,3": 34.0147027033899,
      "9,4": 44.40720662234904,
      "9,5": 15.652475842498529,
      "9,6": 27.294688127912362,
      "9,7": 67.67569726275453,
      "9,8": 32.2490309931942,
      "9,9": 0.0,
      "9,10": 52.23983154643591,
      "9,11": 37.12142238654117,
      "9,12": 39.84971769034255,
      "9,13": 26.419689627245813,
      "9,14": 60.8276253029822,
      "9,15": 33.61547262794322,
      "9,16": 45.0,
      "9,17": 19.4164878389476,
      "9,18": 45.60701700396552,
      "9,19": 24.020824298928627,
      "9,20": 39.21734310225516,
      "9,21": 46.22769732530488,
      "9,22": 35.12833614050059,
      "9,23": 45.0111097397076,
      "9,24": 34.058772731852805,
      "9,25": 65.7419196555744,
      "9,26": 17.4928556845359,
      "9,27": 30.4138126514911,
      "9,28": 22.47220505424423,
      "9,29": 5.830951894845301,
      "9,30": 12.206555615733702,
      "9,31": 37.0,
      "9,32": 60.03332407921454,
      "9,33": 32.802438933713454,
      "9,34": 32.57299494980466,
      "9,35": 4.123105625617661,
      "9,36": 39.81205847478876,
      "9,37": 8.0,
      "9,38": 31.78049716414141,
      "9,39": 38.07886552931954,
      "9,40": 4.242640687119285,
      "9,41": 39.81205847478876,
      "9,42": 47.70744176750625,
      "9,43": 59.21148537234985,
      "9,44": 33.24154027718932,
      "9,45": 20.12461179749811,
      "9,46": 53.75872022286245,
      "9,47": 28.861739379323623,
      "9,48": 28.653097563788805,
      "9,49": 33.734255586866,
      "9,50": 40.52159917870962,
      "9,1000": 60.586403893711264,
      "9,1001": 67.8337573765441,
      "9,1002": 33.06293744278943,
      "9,1003": 15.482261927342812,
      "9,1004": 64.59185023171423,
      "9,1005": 39.90309967643912,
      "9,1006": 29.00515175298867,
      "9,1007": 12.627770104465206,
      "9,1008": 20.444917362276556,
      "9,1009": 28.911356409125908,
      "9,1010": 59.893889972323,
      "9,1011": 43.05248847000305,
      "9,1012": 41.7040862349093,
      "9,1013": 20.57544782826444,
      "9,1014": 51.78848799168619,
      "9,1015": 10.514728526786772,
      "9,1016": 35.76679766239455,
      "9,1017": 30.267819970746025,
      "9,1018": 43.546010442787995,
      "9,1019": 34.204990692059155,
      "10,1": 43.56604182158393,
      "10,2": 37.21558813185679,
      "10,3": 18.973665961010276,
      "10,4": 83.93449827097318,
      "10,5": 45.89117562233506,
      "10,6": 67.72001181334805,
      "10,7": 33.24154027718932,
      "10,8": 80.75270893288967,
      "10,9": 52.23983154643591,
      "10,10": 0.0,
      "10,11": 85.84287972802403,
      "10,12": 90.27181176868004,
      "10,13": 30.083217912982647,
      "10,14": 23.08679276123039,
      "10,15": 70.00714249274856,
      "10,16": 39.824615503479755,
      "10,17": 42.44997055358225,
      "10,18": 90.95603333479313,
      "10,19": 76.23647421018367,
      "10,20": 50.44799302251776,
      "10,21": 86.7294644281861,
      "10,22": 87.36704184073076,
      "10,23": 8.06225774829855,
      "10,24": 86.05230967266364,
      "10,25": 25.0,
      "10,26": 44.14748010928823,
      "10,27": 74.95331880577403,
      "10,28": 31.144823004794873,
      "10,29": 49.0,
      "10,30": 45.27692569068709,
      "10,31": 15.811388300841896,
      "10,32": 10.63014581273465,
      "10,33": 38.27531841800928,
      "10,34": 21.587033144922902,
      "10,35": 53.009433122794285,
      "10,36": 91.0494371207203,
      "10,37": 52.08646657242167,
      "10,38": 51.97114584074513,
      "10,39": 20.518284528683193,
      "10,40": 49.64876634922564,
      "10,41": 13.341664064126334,
      "10,42": 24.186773244895647,
      "10,43": 7.0,
      "10,44": 24.413111231467404,
      "10,45": 71.386273190299,
      "10,46": 34.539832078341085,
      "10,47": 50.53711507397311,
      "10,48": 42.941821107167776,
      "10,49": 22.47220505424423,
      "10,50": 92.39588735436226,
      "10,1000": 34.271014740547336,
      "10,1001": 15.960812438685736,
      "10,1002": 25.869050450250157,
      "10,1003": 38.49619803274756,
      "10,1004": 24.599562461284574,
      "10,1005": 15.500593502956177,
      "10,1006": 42.700276081121096,
      "10,1007": 56.030499537393325,
      "10,1008": 39.5669254812865,
      "10,1009": 31.807436258476965,
      "10,1010": 28.280708140558648,
      "10,1011": 95.2603097307144,
      "10,1012": 14.39808622617938,
      "10,1013": 34.700594127456554,
      "10,1014": 0.7156348032414013,
      "10,1015": 56.134097409888426,
      "10,1016": 83.51926729567703,
      "10,1017": 43.707552292245936,
      "10,1018": 34.91265249247035,
      "10,1019": 31.26528031972124,
      "11,1": 42.2965719651132,
      "11,2": 53.46026561849464,
      "11,3": 69.3757882838098,
      "11,4": 20.248456731316587,
      "11,5": 40.11234224026316,
      "11,6": 21.18962010041709,
      "11,7": 91.44397191723465,
      "11,8": 5.0990195135927845,
      "11,9": 37.12142238654117,
      "11,10": 85.84287972802403,
      "11,11": 0.0,
      "11,12": 7.0710678118654755,
      "11,13": 56.142675390472796,
      "11,14": 87.69264507357501,
      "11,15": 24.413111231467404,
      "11,16": 62.93647591023825,
      "11,17": 44.01136216933077,
      "11,18": 11.40175425099138,
      "11,19": 20.12461179749811,
      "11,20": 50.15974481593781,
      "11,21": 19.4164878389476,
      "11,22": 20.09975124224178,
      "11,23": 79.62411694957753,
      "11,24": 15.033296378372908,
      "11,25": 92.77930803794561,
      "11,26": 42.04759208325728,
      "11,27": 13.0,
      "11,28": 54.74486277268398,
      "11,29": 37.94733192202055,
      "11,30": 40.607881008493905,
      "11,31": 72.03471385380801,
      "11,32": 94.92101980067429,
      "11,33": 53.75872022286245,
      "11,34": 64.38167441127949,
      "11,35": 34.539832078341085,
      "11,36": 10.816653826391969,
      "11,37": 34.20526275297414,
      "11,38": 42.37924020083418,
      "11,39": 74.67261881037788,
      "11,40": 41.182520563948,
      "11,41": 72.56031973468694,
      "11,42": 73.55270219373317,
      "11,43": 92.77930803794561,
      "11,44": 70.00714249274856,
      "11,45": 30.01666203960727,
      "11,46": 74.72616676907762,
      "11,47": 41.48493702538308,
      "11,48": 47.67598976424087,
      "11,49": 70.22819946431775,
      "11,50": 28.635642126552707,
      "11,1000": 82.45083621033629,
      "11,1001": 101.80312693163948,
      "11,1002": 69.98592547907022,
      "11,1003": 47.55295932873169,
      "11,1004": 91.53669436808005,
      "11,1005": 75.74258768935718,
      "11,1006": 48.07867969066946,
      "11,1007": 43.420724423826094,
      "11,1008": 46.788979839501295,
      "11,1009": 55.850504274159654,
      "11,1010": 84.4196169175645,
      "11,1011": 25.23606118946699,
      "11,1012": 77.54985379293682,
      "11,1013": 51.15093222938519,
      "11,1014": 85.53295749841442,
      "11,1015": 29.957488850800804,
      "11,1016": 3.2744238561114356,
      "11,1017": 48.11022795122082,
      "11,1018": 64.42643820105133,
      "11,1019": 59.18463884734794,
      "12,1": 47.0,
      "12,2": 59.22837157984339,
      "12,3": 73.16419889536138,
      "12,4": 26.832815729997478,
      "12,5": 45.044422518220834,
      "12,6": 27.730849247724095,
      "12,7": 97.52948272189288,
      "12,8": 10.770329614269007,
      "12,9": 39.84971769034255,
      "12,10": 90.27181176868004,
      "12,11": 7.0710678118654755,
      "12,12": 0.0,
      "12,13": 61.00819617067857,
      "12,14": 93.38094023943002,
      "12,15": 31.400636936215164,
      "12,16": 69.28924880528002,
      "12,17": 49.16299421312742,
      "12,18": 16.1245154965971,
      "12,19": 19.1049731745428,
      "12,20": 56.79788728465171,
      "12,21": 25.632011235952593,
      "12,22": 15.297058540778355,
      "12,23": 83.72574275573791,
      "12,24": 10.770329614269007,
      "12,25": 98.47842403288143,
      "12,26": 47.095647357266465,
      "12,27": 19.72308292331602,
      "12,28": 59.135437767890075,
      "12,29": 41.593268686170845,
      "12,30": 45.044422518220834,
      "12,31": 75.95393340703298,
      "12,32": 98.99494936611666,
      "12,33": 59.665735560705194,
      "12,34": 69.02897942168927,
      "12,35": 37.8549864614954,
      "12,36": 4.123105625617661,
      "12,37": 38.2099463490856,
      "12,38": 48.84669896727925,
      "12,39": 77.88452991448301,
      "12,40": 43.657759905886145,
      "12,41": 77.10382610480494,
      "12,42": 79.2464510246358,
      "12,43": 97.25224933131366,
      "12,44": 73.08214556237385,
      "12,45": 29.0,
      "12,46": 80.95677859203639,
      "12,47": 47.75981574503821,
      "12,48": 53.600373133029585,
      "12,49": 73.49829930005184,
      "12,50": 23.021728866442675,
      "12,1000": 88.66516823725703,
      "12,1001": 106.19768045090647,
      "12,1002": 72.9093475468313,
      "12,1003": 51.78253017852248,
      "12,1004": 97.24045651292359,
      "12,1005": 79.37083713959224,
      "12,1006": 54.01144639252939,
      "12,1007": 44.244927092957525,
      "12,1008": 51.8460711537939,
      "12,1009": 61.113983288960625,
      "12,1010": 90.3723946164016,
      "12,1011": 18.909675126551203,
      "12,1012": 81.18198728019404,
      "12,1013": 55.750581927790954,
      "12,1014": 89.92193876003368,
      "12,1015": 34.1414844677432,
      "12,1016": 10.317806716618884,
      "12,1017": 54.16134460323949,
      "12,1018": 70.54232133983662,
      "12,1019": 64.77009437126074,
      "13,1": 14.035668847618199,
      "13,2": 11.40175425099138,
      "13,3": 17.804493814764857,
      "13,4": 54.12947441089743,
      "13,5": 16.0312195418814,
      "13,6": 37.64306044943742,
      "13,7": 41.400483088968905,
      "13,8": 51.088159097779204,
      "13,9": 26.419689627245813,
      "13,10": 30.083217912982647,
      "13,11": 56.142675390472796,
      "13,12": 61.00819617067857,
      "13,13": 0.0,
      "13,14": 34.438350715445125,
      "13,15": 40.24922359499622,
      "13,16": 23.345235059857504,
      "13,17": 12.36931687685298,
      "13,18": 60.876925020897694,
      "13,19": 49.040799340956916,
      "13,20": 26.0,
      "13,21": 56.859475903318,
      "13,22": 60.166435825965294,
      "13,23": 25.059928172283335,
      "13,24": 58.05170109479997,
      "13,25": 39.395431207184416,
      "13,26": 14.142135623730951,
      "13,27": 44.91102314577124,
      "13,28": 5.385164807134504,
      "13,29": 21.540659228538015,
      "13,30": 16.278820596099706,
      "13,31": 19.1049731745428,
      "13,32": 39.92492955535426,
      "13,33": 13.341664064126334,
      "13,34": 8.54400374531753,
      "13,35": 25.632011235952593,
      "13,36": 62.20128616033595,
      "13,37": 23.53720459187964,
      "13,38": 24.08318915758459,
      "13,39": 26.076809620810597,
      "13,40": 25.612496949731394,
      "13,41": 16.76305461424021,
      "13,42": 21.400934559032695,
      "13,43": 36.87817782917155,
      "13,44": 23.769728648009426,
      "13,45": 46.52956049652737,
      "13,46": 28.844410203711913,
      "13,47": 21.93171219946131,
      "13,48": 15.0,
      "13,49": 22.360679774997898,
      "13,50": 66.48308055437865,
      "13,1000": 34.925172280252376,
      "13,1001": 45.969285468296654,
      "13,1002": 24.987712333917848,
      "13,1003": 10.94089773994768,
      "13,1004": 38.22863017005857,
      "13,1005": 24.078394214514322,
      "13,1006": 14.93407083415659,
      "13,1007": 35.20918694956909,
      "13,1008": 9.490345650264008,
      "13,1009": 4.72064161448446,
      "13,1010": 33.60008812252139,
      "13,1011": 68.37613987387074,
      "13,1012": 25.605574265589098,
      "13,1013": 5.859016427540804,
      "13,1014": 29.863954127297458,
      "13,1015": 27.127819129798997,
      "13,1016": 53.678305456437805,
      "13,1017": 16.40117790578874,
      "13,1018": 20.006660778395062,
      "13,1019": 9.743007793155657,
      "14,1": 47.75981574503821,
      "14,2": 34.23448553724738,
      "14,3": 35.22782990761707,
      "14,4": 80.39900496896712,
      "14,5": 49.040799340956916,
      "14,6": 67.11929677819934,
      "14,7": 10.198039027185569,
      "14,8": 82.87339742040264,
      "14,9": 60.8276253029822,
      "14,10": 23.08679276123039,
      "14,11": 87.69264507357501,
      "14,12": 93.38094023943002,
      "14,13": 34.438350715445125,
      "14,14": 0.0,
      "14,15": 67.06713054842886,
      "14,16": 28.160255680657446,
      "14,17": 44.64302857109943,
      "14,18": 90.0,
      "14,19": 83.21658488546619,
      "14,20": 41.97618372363071,
      "14,21": 83.38465086573187,
      "14,22": 94.2443632266673,
      "14,23": 28.460498941515414,
      "14,24": 91.76055797563569,
      "14,25": 5.0990195135927845,
      "14,26": 46.84015371452148,
      "14,27": 75.23961722390672,
      "14,28": 38.58756276314948,
      "14,29": 55.94640292279746,
      "14,30": 50.32891812864648,
      "14,31": 32.7566787083184,
      "14,32": 30.59411708155671,
      "14,33": 34.058772731852805,
      "14,34": 29.206163733020468,
      "14,35": 60.00833275470999,
      "14,36": 95.12623192369179,
      "14,37": 57.584720195551874,
      "14,38": 47.095647357266465,
      "14,39": 40.718546143004666,
      "14,40": 59.682493245507096,
      "14,41": 25.0,
      "14,42": 14.142135623730951,
      "14,43": 23.53720459187964,
      "14,44": 43.04648650006177,
      "14,45": 80.95060222135473,
      "14,46": 17.4928556845359,
      "14,47": 47.0,
      "14,48": 40.11234224026316,
      "14,49": 40.8166632639171,
      "14,50": 100.84641788382967,
      "14,1000": 13.166901970369468,
      "14,1001": 28.87746010312314,
      "14,1002": 44.727313466058284,
      "14,1003": 45.350608231856555,
      "14,1004": 3.8678422567747766,
      "14,1005": 35.415031056114806,
      "14,1006": 39.7237448629687,
