{
  "metadata": {
    "source": "Mankowska HCSRP",
    "seed": 1,
    "sigma": 0.15
  },
  "parameters": {
    "p": 10
  },
  "sets": {
    "customers": [
      1,
      2,
      3,
      4,
      5,
      6,
      7,
      8,
      9,
      10,
      11,
      12,
      13,
      14,
      15,
      16,
      17,
      18,
      19,
      20,
      21,
      22,
      23,
      24,
      25,
      26,
      27,
      28,
      29,
      30,
      31,
      32,
      33,
      34,
      35,
      36,
      37,
      38,
      39,
      40,
      41,
      42,
      43,
      44,
      45,
      46,
      47,
      48,
      49,
      50
    ],
    "facilities": [
      1000,
      1001,
      1002,
      1003,
      1004,
      1005,
      1006,
      1007,
      1008,
      1009,
      1010,
      1011,
      1012,
      1013,
      1014,
      1015,
      1016,
      1017,
      1018,
      1019
    ],
    "vehicles": [
      0,
      1,
      2,
      3,
      4,
      5,
      6,
      7,
      8,
      9
    ]
  },
  "coordinates": {
    "customers": {
      "1": {
        "x": 30.0,
        "y": 6.0
      },
      "2": {
        "x": 72.0,
        "y": 12.0
      },
      "3": {
        "x": 31.0,
        "y": 38.0
      },
      "4": {
        "x": 53.0,
        "y": 22.0
      },
      "5": {
        "x": 54.0,
        "y": 18.0
      },
      "6": {
        "x": 82.0,
        "y": 7.0
      },
      "7": {
        "x": 28.0,
        "y": 5.0
      },
      "8": {
        "x": 2.0,
        "y": 12.0
      },
      "9": {
        "x": 83.0,
        "y": 29.0
      },
      "10": {
        "x": 58.0,
        "y": 29.0
      },
      "11": {
        "x": 68.0,
        "y": 22.0
      },
      "12": {
        "x": 79.0,
        "y": 20.0
      },
      "13": {
        "x": 15.0,
        "y": 11.0
      },
      "14": {
        "x": 99.0,
        "y": 29.0
      },
      "15": {
        "x": 67.0,
        "y": 33.0
      },
      "16": {
        "x": 51.0,
        "y": 6.0
      },
      "17": {
        "x": 88.0,
        "y": 23.0
      },
      "18": {
        "x": 39.0,
        "y": 42.0
      },
      "19": {
        "x": 78.0,
        "y": 11.0
      },
      "20": {
        "x": 97.0,
        "y": 29.0
      },
      "21": {
        "x": 88.0,
        "y": 0.0
      },
      "22": {
        "x": 24.0,
        "y": 3.0
      },
      "23": {
        "x": 90.0,
        "y": 30.0
      },
      "24": {
        "x": 17.0,
        "y": 45.0
      },
      "25": {
        "x": 18.0,
        "y": 38.0
      },
      "26": {
        "x": 89.0,
        "y": 48.0
      },
      "27": {
        "x": 40.0,
        "y": 26.0
      },
      "28": {
        "x": 59.0,
        "y": 48.0
      },
      "29": {
        "x": 81.0,
        "y": 23.0
      },
      "30": {
        "x": 86.0,
        "y": 44.0
      },
      "31": {
        "x": 47.0,
        "y": 8.0
      },
      "32": {
        "x": 62.0,
        "y": 28.0
      },
      "33": {
        "x": 3.0,
        "y": 18.0
      },
      "34": {
        "x": 15.0,
        "y": 19.0
      },
      "35": {
        "x": 17.0,
        "y": 30.0
      },
      "36": {
        "x": 90.0,
        "y": 41.0
      },
      "37": {
        "x": 43.0,
        "y": 20.0
      },
      "38": {
        "x": 52.0,
        "y": 25.0
      },
      "39": {
        "x": 9.0,
        "y": 38.0
      },
      "40": {
        "x": 22.0,
        "y": 2.0
      },
      "41": {
        "x": 53.0,
        "y": 47.0
      },
      "42": {
        "x": 47.0,
        "y": 29.0
      },
      "43": {
        "x": 59.0,
        "y": 16.0
      },
      "44": {
        "x": 14.0,
        "y": 37.0
      },
      "45": {
        "x": 26.0,
        "y": 34.0
      },
      "46": {
        "x": 20.0,
        "y": 14.0
      },
      "47": {
        "x": 10.0,
        "y": 30.0
      },
      "48": {
        "x": 10.0,
        "y": 30.0
      },
      "49": {
        "x": 41.0,
        "y": 0.0
      },
      "50": {
        "x": 0.0,
        "y": 0.0
      }
    },
    "facilities": {
      "1000": {
        "x": 18.50891721986922,
        "y": 5.828249455869932
      },
      "1001": {
        "x": 67.78298325557022,
        "y": 13.624084753764249
      },
      "1002": {
        "x": 3.331987942612267,
        "y": 36.442331511654345
      },
      "1003": {
        "x": 5.580815751497358,
        "y": 5.433833325460701
      },
      "1004": {
        "x": 16.757751873011443,
        "y": 37.916244827637016
      },
      "1005": {
        "x": 84.66168900515146,
        "y": 24.617330830819686
      },
      "1006": {
        "x": -2.624379253246228,
        "y": 17.192069314754672
      },
      "1007": {
        "x": 17.79563229180971,
        "y": -7.570205894681823
      },
      "1008": {
        "x": 60.75155951325146,
        "y": 19.129086453048668
      },
      "1009": {
        "x": 74.84588725864892,
        "y": 5.718125317894354
      },
      "1010": {
        "x": 56.850868243521305,
        "y": 36.1989305759058
      },
      "1011": {
        "x": 16.41779919611613,
        "y": -0.3460962927974176
      },
      "1012": {
        "x": 13.429688151665367,
        "y": 42.22383539390559
      },
      "1013": {
        "x": 38.7288117359892,
        "y": 4.442139999228305
      },
      "1014": {
        "x": 96.60071386548654,
        "y": 33.40611132828142
      },
      "1015": {
        "x": 39.067370218658354,
        "y": 21.751612122871187
      },
      "1016": {
        "x": 86.64958001663715,
        "y": 26.923948368566254
      },
      "1017": {
        "x": 10.105676411592007,
        "y": 31.78004515965103
      },
      "1018": {
        "x": 10.690516603026833,
        "y": 8.854799470861353
      },
      "1019": {
        "x": 77.94808495108606,
        "y": 10.286279986015487
      }
    }
  },
  "time_windows": {
    "e": {
      "1": 124.0,
      "2": 316.0,
      "3": 370.0,
      "4": 301.0,
      "5": 372.0,
      "6": 278.0,
      "7": 51.0,
      "8": 11.0,
      "9": 413.0,
      "10": 0.0,
      "11": 114.0,
      "12": 290.0,
      "13": 302.0,
      "14": 137.0,
      "15": 268.0,
      "16": 348.0,
      "17": 102.0,
      "18": 469.0,
      "19": 243.0,
      "20": 255.0,
      "21": 78.0,
      "22": 121.0,
      "23": 128.0,
      "24": 220.0,
      "25": 59.0,
      "26": 147.0,
      "27": 355.0,
      "28": 405.0,
      "29": 399.0,
      "30": 419.0,
      "31": 347.0,
      "32": 361.0,
      "33": 31.0,
      "34": 233.0,
      "35": 448.0,
      "36": 253.0,
      "37": 239.0,
      "38": 316.0,
      "39": 478.0,
      "40": 72.0,
      "41": 377.0,
      "42": 36.0,
      "43": 28.0,
      "44": 283.0,
      "45": 44.0,
      "46": 470.0,
      "47": 250.0,
      "48": 427.0,
      "49": 17.0,
      "50": 106.0
    },
    "l": {
      "1": 244.0,
      "2": 436.0,
      "3": 490.0,
      "4": 421.0,
      "5": 492.0,
      "6": 398.0,
      "7": 171.0,
      "8": 131.0,
      "9": 533.0,
      "10": 120.0,
      "11": 234.0,
      "12": 410.0,
      "13": 422.0,
      "14": 257.0,
      "15": 388.0,
      "16": 468.0,
      "17": 222.0,
      "18": 589.0,
      "19": 363.0,
      "20": 375.0,
      "21": 198.0,
      "22": 241.0,
      "23": 248.0,
      "24": 340.0,
      "25": 179.0,
      "26": 267.0,
      "27": 475.0,
      "28": 525.0,
      "29": 519.0,
      "30": 539.0,
      "31": 467.0,
      "32": 481.0,
      "33": 151.0,
      "34": 353.0,
      "35": 568.0,
      "36": 373.0,
      "37": 359.0,
      "38": 436.0,
      "39": 598.0,
      "40": 192.0,
      "41": 497.0,
      "42": 156.0,
      "43": 148.0,
      "44": 403.0,
      "45": 164.0,
      "46": 590.0,
      "47": 370.0,
      "48": 547.0,
      "49": 137.0,
      "50": 226.0
    }
  },
  "travel_time": {
    "matrix": {
      "1,1": 0.0,
      "1,2": 42.42640687119285,
      "1,3": 32.01562118716424,
      "1,4": 28.0178514522438,
      "1,5": 26.832815729997478,
      "1,6": 52.009614495783374,
      "1,7": 2.23606797749979,
      "1,8": 28.635642126552707,
      "1,9": 57.77542730261716,
      "1,10": 36.235341863986875,
      "1,11": 41.23105625617661,
      "1,12": 50.96076922496363,
      "1,13": 15.811388300841896,
      "1,14": 72.73238618387272,
      "1,15": 45.803929962395145,
      "1,16": 21.0,
      "1,17": 60.440052945046304,
      "1,18": 37.107950630558946,
      "1,19": 48.25971404805462,
      "1,20": 70.83784299369935,
      "1,21": 58.309518948453004,
      "1,22": 6.708203932499369,
      "1,23": 64.62197768561404,
      "1,24": 41.10960958218893,
      "1,25": 34.17601498127012,
      "1,26": 72.42237223399962,
      "1,27": 22.360679774997898,
      "1,28": 51.03920062069938,
      "1,29": 53.75872022286245,
      "1,30": 67.67569726275453,
      "1,31": 17.11724276862369,
      "1,32": 38.8329756778952,
      "1,33": 29.546573405388315,
      "1,34": 19.849433241279208,
      "1,35": 27.294688127912362,
      "1,36": 69.46221994724903,
      "1,37": 19.1049731745428,
      "1,38": 29.068883707497267,
      "1,39": 38.27531841800928,
      "1,40": 8.94427190999916,
      "1,41": 47.01063709417264,
      "1,42": 28.600699292150182,
      "1,43": 30.675723300355934,
      "1,44": 34.88552708502482,
      "1,45": 28.284271247461902,
      "1,46": 12.806248474865697,
      "1,47": 31.240998703626616,
      "1,48": 31.240998703626616,
      "1,49": 12.529964086141668,
      "1,50": 30.59411708155671,
      "1,1000": 11.492366236299082,
      "1,1001": 38.54452609675309,
      "1,1002": 40.471204762873576,
      "1,1003": 24.425746745302966,
      "1,1004": 34.55436035226811,
      "1,1005": 57.74517514182536,
      "1,1006": 34.49076017147079,
      "1,1007": 18.250947350227474,
      "1,1008": 33.43697539534149,
      "1,1009": 44.846773098539224,
      "1,1010": 40.40970840477965,
      "1,1011": 14.991634895316816,
      "1,1012": 39.83392380115002,
      "1,1013": 8.86674021861175,
      "1,1014": 72.01909486747641,
      "1,1015": 18.17499620774637,
      "1,1016": 60.39028507460286,
      "1,1017": 32.5637043266569,
      "1,1018": 19.519375734813156,
      "1,1019": 48.13928797349502,
      "2,1": 42.42640687119285,
      "2,2": 0.0,
      "2,3": 48.54894437575342,
      "2,4": 21.470910553583888,
      "2,5": 18.973665961010276,
      "2,6": 11.180339887498949,
      "2,7": 44.553338819890925,
      "2,8": 70.0,
      "2,9": 20.248456731316587,
      "2,10": 22.02271554554524,
      "2,11": 10.770329614269007,
      "2,12": 10.63014581273465,
      "2,13": 57.0087712549569,
      "2,14": 31.906112267087632,
      "2,15": 21.587033144922902,
      "2,16": 21.840329667841555,
      "2,17": 19.4164878389476,
      "2,18": 44.598206241955516,
      "2,19": 6.082762530298219,
      "2,20": 30.23243291566195,
      "2,21": 20.0,
      "2,22": 48.83646178829912,
      "2,23": 25.45584412271571,
      "2,24": 64.1404708432983,
      "2,25": 59.93329625508679,
      "2,26": 39.81205847478876,
      "2,27": 34.92849839314596,
      "2,28": 38.27531841800928,
      "2,29": 14.212670403551895,
      "2,30": 34.92849839314596,
      "2,31": 25.317977802344327,
      "2,32": 18.867962264113206,
      "2,33": 69.26037828369117,
      "2,34": 57.42821606144492,
      "2,35": 57.87054518492115,
      "2,36": 34.132096331752024,
      "2,37": 30.083217912982647,
      "2,38": 23.853720883753127,
      "2,39": 68.15423684555495,
      "2,40": 50.99019513592785,
      "2,41": 39.824615503479755,
      "2,42": 30.23243291566195,
      "2,43": 13.601470508735444,
      "2,44": 63.15853069855251,
      "2,45": 50.99019513592785,
      "2,46": 52.03844732503075,
      "2,47": 64.5600495662759,
      "2,48": 64.5600495662759,
      "2,49": 33.24154027718932,
      "2,50": 72.99315036357864,
      "2,1000": 53.84595102484284,
      "2,1001": 4.518946947045369,
      "2,1002": 72.88843152132688,
      "2,1003": 66.74295903714767,
      "2,1004": 61.01932254695879,
      "2,1005": 17.87499386734234,
      "2,1006": 74.80478302021565,
      "2,1007": 57.629041614492785,
      "2,1008": 13.31733032701997,
      "2,1009": 6.896450087590002,
      "2,1010": 28.54968360582407,
      "2,1011": 56.93686977586926,
      "2,1012": 65.90873732616237,
      "2,1013": 34.11881030004585,
      "2,1014": 32.610070912071315,
      "2,1015": 34.34606299577637,
      "2,1016": 20.912542398557996,
      "2,1017": 64.97813077477986,
      "2,1018": 61.39010539795662,
      "2,1019": 6.190036419252114,
      "3,1": 32.01562118716424,
      "3,2": 48.54894437575342,
      "3,3": 0.0,
      "3,4": 27.202941017470888,
      "3,5": 30.479501308256342,
      "3,6": 59.682493245507096,
      "3,7": 33.13608305156178,
      "3,8": 38.948684188300895,
      "3,9": 52.773099207835045,
      "3,10": 28.460498941515414,
      "3,11": 40.311288741492746,
      "3,12": 51.264022471905186,
      "3,13": 31.38470965295043,
      "3,14": 68.59300255857006,
      "3,15": 36.345563690772494,
      "3,16": 37.73592452822641,
      "3,17": 58.9406481131655,
      "3,18": 8.94427190999916,
      "3,19": 54.20332093147061,
      "3,20": 66.61080993352356,
      "3,21": 68.5054742338158,
      "3,22": 35.6931365951495,
      "3,23": 59.53990258641679,
      "3,24": 15.652475842498529,
      "3,25": 13.0,
      "3,26": 58.855755878248644,
      "3,27": 15.0,
      "3,28": 29.732137494637012,
      "3,29": 52.20153254455275,
      "3,30": 55.326304774492215,
      "3,31": 34.0,
      "3,32": 32.57299494980466,
      "3,33": 34.40930106817051,
      "3,34": 24.839484696748443,
      "3,35": 16.1245154965971,
      "3,36": 59.07622195096772,
      "3,37": 21.633307652783937,
      "3,38": 24.698178070456937,
      "3,39": 22.0,
      "3,40": 37.107950630558946,
      "3,41": 23.769728648009426,
      "3,42": 18.35755975068582,
      "3,43": 35.608987629529715,
      "3,44": 17.029386365926403,
      "3,45": 6.4031242374328485,
      "3,46": 26.40075756488817,
      "3,47": 22.47220505424423,
      "3,48": 22.47220505424423,
      "3,49": 39.293765408777,
      "3,50": 49.040799340956916,
      "3,1000": 34.51157316167742,
      "3,1001": 44.12678439758813,
      "3,1002": 27.71182459397681,
      "3,1003": 41.3121064548057,
      "3,1004": 14.242494396685105,
      "3,1005": 55.30526829315018,
      "3,1006": 39.54198856365356,
      "3,1007": 47.44469403270288,
      "3,1008": 35.23161466023172,
      "3,1009": 54.44796839634446,
      "3,1010": 25.91353391597343,
      "3,1011": 41.025159124387116,
      "3,1012": 18.070878337328764,
      "3,1013": 34.436383356586056,
      "3,1014": 65.76136763168465,
      "3,1015": 18.14090876583977,
      "3,1016": 56.74111979658391,
      "3,1017": 21.800472390136026,
      "3,1018": 35.52348279287424,
      "3,1019": 54.51763895830339,
      "4,1": 28.0178514522438,
      "4,2": 21.470910553583888,
      "4,3": 27.202941017470888,
      "4,4": 0.0,
      "4,5": 4.123105625617661,
      "4,6": 32.64965543462902,
      "4,7": 30.23243291566195,
      "4,8": 51.97114584074513,
      "4,9": 30.805843601498726,
      "4,10": 8.602325267042627,
      "4,11": 15.0,
      "4,12": 26.076809620810597,
      "4,13": 39.56008088970496,
      "4,14": 46.52956049652737,
      "4,15": 17.804493814764857,
      "4,16": 16.1245154965971,
      "4,17": 35.014282800023196,
      "4,18": 24.413111231467404,
      "4,19": 27.313000567495326,
      "4,20": 44.553338819890925,
      "4,21": 41.340053217188775,
      "4,22": 34.66987164671943,
      "4,23": 37.8549864614954,
      "4,24": 42.720018726587654,
      "4,25": 38.48376280978771,
      "4,26": 44.40720662234904,
      "4,27": 13.601470508735444,
      "4,28": 26.68332812825267,
      "4,29": 28.0178514522438,
      "4,30": 39.66106403010388,
      "4,31": 15.231546211727817,
      "4,32": 10.816653826391969,
      "4,33": 50.15974481593781,
      "4,34": 38.118237105091836,
      "4,35": 36.87817782917155,
      "4,36": 41.593268686170845,
      "4,37": 10.198039027185569,
      "4,38": 3.1622776601683795,
      "4,39": 46.8187996428785,
      "4,40": 36.89173349139343,
      "4,41": 25.0,
      "4,42": 9.219544457292887,
      "4,43": 8.48528137423857,
      "4,44": 41.78516483155236,
      "4,45": 29.546573405388315,
      "4,46": 33.95585369269929,
      "4,47": 43.73785545725808,
      "4,48": 43.73785545725808,
      "4,49": 25.059928172283335,
      "4,50": 57.38466694161429,
      "4,1000": 38.09409806003294,
      "4,1001": 16.990954950990655,
      "4,1002": 51.725161780562246,
      "4,1003": 50.22964177736148,
      "4,1004": 39.58317065005642,
      "4,1005": 31.76968635880575,
      "4,1006": 55.83178095657609,
      "4,1007": 45.97547805501697,
      "4,1008": 8.266124816475243,
      "4,1009": 27.24595810907357,
      "4,1010": 14.711859696460996,
      "4,1011": 42.86730030200941,
      "4,1012": 44.438869222947616,
      "4,1013": 22.62620742134082,
      "4,1014": 45.067966730408195,
      "4,1015": 13.934843707822226,
      "4,1016": 34.00793293971823,
      "4,1017": 43.99513927051337,
      "4,1018": 44.30449957137553,
      "4,1019": 27.5611715878086,
      "5,1": 26.832815729997478,
      "5,2": 18.973665961010276,
      "5,3": 30.479501308256342,
      "5,4": 4.123105625617661,
      "5,5": 0.0,
      "5,6": 30.083217912982647,
      "5,7": 29.068883707497267,
      "5,8": 52.3450093132096,
      "5,9": 31.016124838541646,
      "5,10": 11.704699910719626,
      "5,11": 14.560219778561036,
      "5,12": 25.079872407968907,
      "5,13": 39.6232255123179,
      "5,14": 46.32493928760188,
      "5,15": 19.849433241279208,
      "5,16": 12.36931687685298,
      "5,17": 34.36568055487916,
      "5,18": 28.30194339616981,
      "5,19": 25.0,
      "5,20": 44.384682042344295,
      "5,21": 38.47076812334269,
      "5,22": 33.54101966249684,
      "5,23": 37.94733192202055,
      "5,24": 45.803929962395145,
      "5,25": 41.182520563948,
      "5,26": 46.09772228646444,
      "5,27": 16.1245154965971,
      "5,28": 30.4138126514911,
      "5,29": 27.459060435491963,
      "5,30": 41.23105625617661,
      "5,31": 12.206555615733702,
      "5,32": 12.806248474865697,
      "5,33": 51.0,
      "5,34": 39.01281840626232,
      "5,35": 38.897300677553446,
      "5,36": 42.720018726587654,
      "5,37": 11.180339887498949,
      "5,38": 7.280109889280518,
      "5,39": 49.24428900898052,
      "5,40": 35.77708763999664,
      "5,41": 29.017236257093817,
      "5,42": 13.038404810405298,
      "5,43": 5.385164807134504,
      "5,44": 44.28317965096906,
      "5,45": 32.2490309931942,
      "5,46": 34.23448553724738,
      "5,47": 45.60701700396552,
      "5,48": 45.60701700396552,
      "5,49": 22.20360331117452,
      "5,50": 56.92099788303083,
      "5,1000": 37.520240780339165,
      "5,1001": 14.460956457495037,
      "5,1002": 53.92000591091722,
      "5,1003": 50.02325407430777,
      "5,1004": 42.23318427003298,
      "5,1005": 31.367630448810484,
      "5,1006": 56.63014283760568,
      "5,1007": 44.32371454025794,
      "5,1008": 6.84531899033451,
      "5,1009": 24.19494702013726,
      "5,1010": 18.420871962221472,
      "5,1011": 41.82106008278657,
      "5,1012": 47.25192487785185,
      "5,1013": 20.42118406937723,
      "5,1014": 45.300872928768804,
      "5,1015": 15.39668879035637,
      "5,1016": 33.84718496046057,
      "5,1017": 46.00653527365316,
      "5,1018": 44.26450095540276,
      "5,1019": 25.159734682197662,
      "6,1": 52.009614495783374,
      "6,2": 11.180339887498949,
      "6,3": 59.682493245507096,
      "6,4": 32.64965543462902,
      "6,5": 30.083217912982647,
      "6,6": 0.0,
      "6,7": 54.037024344425184,
      "6,8": 80.15609770940699,
      "6,9": 22.02271554554524,
      "6,10": 32.55764119219941,
      "6,11": 20.518284528683193,
      "6,12": 13.341664064126334,
      "6,13": 67.11929677819934,
      "6,14": 27.80287754891569,
      "6,15": 30.01666203960727,
      "6,16": 31.016124838541646,
      "6,17": 17.08800749063506,
      "6,18": 55.44366510251645,
      "6,19": 5.656854249492381,
      "6,20": 26.627053911388696,
      "6,21": 9.219544457292887,
      "6,22": 58.137767414994535,
      "6,23": 24.351591323771842,
      "6,24": 75.29276193632427,
      "6,25": 71.11258679024411,
      "6,26": 41.593268686170845,
      "6,27": 46.09772228646444,
      "6,28": 47.01063709417264,
      "6,29": 16.0312195418814,
      "6,30": 37.21558813185679,
      "6,31": 35.014282800023196,
      "6,32": 29.0,
      "6,33": 79.76214641043707,
      "6,34": 68.06614430096654,
      "6,35": 68.9492567037528,
      "6,36": 34.92849839314596,
      "6,37": 41.10960958218893,
      "6,38": 34.9857113690718,
      "6,39": 79.30952023559341,
      "6,40": 60.207972893961475,
      "6,41": 49.4064773081425,
      "6,42": 41.340053217188775,
      "6,43": 24.698178070456937,
      "6,44": 74.32361670424818,
      "6,45": 62.16912416947821,
      "6,46": 62.39390995922599,
      "6,47": 75.58438992278762,
      "6,48": 75.58438992278762,
      "6,49": 41.593268686170845,
      "6,50": 82.29823813423954,
      "6,1000": 63.501894396396466,
      "6,1001": 15.684452937110967,
      "6,1002": 83.99706546007101,
      "6,1003": 76.43523140057229,
      "6,1004": 72.1967113856714,
      "6,1005": 17.817265052827103,
      "6,1006": 85.23593045725502,
      "6,1007": 65.83685694671283,
      "6,1008": 24.466527365043518,
      "6,1009": 7.268048693878254,
      "6,1010": 38.53642919214612,
      "6,1011": 65.9923495037417,
      "6,1012": 77.0883016211592,
      "6,1013": 43.34672284686599,
      "6,1014": 30.173888726238175,
      "6,1015": 45.39626372473162,
      "6,1016": 20.459284272046403,
      "6,1017": 76.04501563119743,
      "6,1018": 71.33360150322076,
      "6,1019": 5.217053930150733,
      "7,1": 2.23606797749979,
      "7,2": 44.553338819890925,
      "7,3": 33.13608305156178,
      "7,4": 30.23243291566195,
      "7,5": 29.068883707497267,
      "7,6": 54.037024344425184,
      "7,7": 0.0,
      "7,8": 26.92582403567252,
      "7,9": 60.00833275470999,
      "7,10": 38.41874542459709,
      "7,11": 43.46262762420146,
      "7,12": 53.16013544000805,
      "7,13": 14.317821063276353,
      "7,14": 74.94664769020693,
      "7,15": 48.010415536631214,
      "7,16": 23.021728866442675,
      "7,17": 62.6418390534633,
      "7,18": 38.600518131237564,
      "7,19": 50.35871324805669,
      "7,20": 73.05477397131553,
      "7,21": 60.207972893961475,
      "7,22": 4.47213595499958,
      "7,23": 66.85057965343307,
      "7,24": 41.48493702538308,
      "7,25": 34.48187929913333,
      "7,26": 74.63243262818116,
      "7,27": 24.186773244895647,
      "7,28": 53.009433122794285,
      "7,29": 55.97320787662612,
      "7,30": 69.8927750200262,
      "7,31": 19.235384061671343,
      "7,32": 41.048751503547585,
      "7,33": 28.178005607210743,
      "7,34": 19.1049731745428,
      "7,35": 27.313000567495326,
      "7,36": 71.69379331573968,
      "7,37": 21.213203435596427,
      "7,38": 31.240998703626616,
      "7,39": 38.07886552931954,
      "7,40": 6.708203932499369,
      "7,41": 48.877397639399746,
      "7,42": 30.610455730027933,
      "7,43": 32.89376840679705,
      "7,44": 34.92849839314596,
      "7,45": 29.068883707497267,
      "7,46": 12.041594578792296,
      "7,47": 30.805843601498726,
      "7,48": 30.805843601498726,
      "7,49": 13.92838827718412,
      "7,50": 28.442925306655784,
      "7,1000": 9.527153273693244,
      "7,1001": 40.70700915755282,
      "7,1002": 39.96412178132029,
      "7,1003": 22.423381406973153,
      "7,1004": 34.78314701837254,
      "7,1005": 59.961543257677505,
      "7,1006": 32.962086687927396,
      "7,1007": 16.19071328134281,
      "7,1008": 35.669254751785544,
      "7,1009": 46.85139119623072,
      "7,1010": 42.494068615339906,
      "7,1011": 12.756493289041096,
      "7,1012": 39.9738403057587,
      "7,1013": 10.743305312926768,
      "7,1014": 74.24934412942027,
      "7,1015": 20.07742992197883,
      "7,1016": 62.61335918312866,
      "7,1017": 32.208347294445325,
      "7,1018": 17.73351895227348,
      "7,1019": 50.22704397405304,
      "8,1": 28.635642126552707,
      "8,2": 70.0,
      "8,3": 38.948684188300895,
      "8,4": 51.97114584074513,
      "8,5": 52.3450093132096,
      "8,6": 80.15609770940699,
      "8,7": 26.92582403567252,
      "8,8": 0.0,
      "8,9": 82.76472678623425,
      "8,10": 58.52349955359813,
      "8,11": 66.75327707311455,
      "8,12": 77.41446893184762,
      "8,13": 13.038404810405298,
      "8,14": 98.47842403288143,
      "8,15": 68.30812543175226,
      "8,16": 49.36598018878993,
      "8,17": 86.70063436907483,
      "8,18": 47.634021455258214,
      "8,19": 76.00657866263946,
      "8,20": 96.5090669315583,
      "8,21": 86.83317338436964,
      "8,22": 23.769728648009426,
      "8,23": 89.82204629154248,
      "8,24": 36.24913792078372,
      "8,25": 30.528675044947494,
      "8,26": 94.15412895885129,
      "8,27": 40.496913462633174,
      "8,28": 67.4166151627327,
      "8,29": 79.76214641043707,
      "8,30": 89.88882021697692,
      "8,31": 45.17742799230607,
      "8,32": 62.0966987850401,
      "8,33": 6.082762530298219,
      "8,34": 14.7648230602334,
      "8,35": 23.430749027719962,
      "8,36": 92.65527507918802,
      "8,37": 41.773197148410844,
      "8,38": 51.66236541235796,
      "8,39": 26.92582403567252,
      "8,40": 22.360679774997898,
      "8,41": 61.85466837676846,
      "8,42": 48.104053883222775,
      "8,43": 57.14017850864661,
      "8,44": 27.730849247724095,
      "8,45": 32.55764119219941,
      "8,46": 18.110770276274835,
      "8,47": 19.697715603592208,
      "8,48": 19.697715603592208,
      "8,49": 40.80441152620633,
      "8,50": 12.165525060596439,
      "8,1000": 17.62483624183397,
      "8,1001": 65.80302832917373,
      "8,1002": 24.47859803184969,
      "8,1003": 7.479089934210048,
      "8,1004": 29.823530748578296,
      "8,1005": 83.61908793139716,
      "8,1006": 6.952874746971298,
      "8,1007": 25.14945244450266,
      "8,1008": 59.1825110897989,
      "8,1009": 73.11624470677818,
      "8,1010": 59.95169712431536,
      "8,1011": 18.981544387392535,
      "8,1012": 32.312814751460756,
      "8,1013": 37.49835808844172,
      "8,1014": 96.99235364738004,
      "8,1015": 38.32862995101714,
      "8,1016": 85.95507915126764,
      "8,1017": 21.376439755190134,
      "8,1018": 9.242151545824115,
      "8,1019": 75.96741698928373,
      "9,1": 57.77542730261716,
      "9,2": 20.248456731316587,
      "9,3": 52.773099207835045,
      "9,4": 30.805843601498726,
      "9,5": 31.016124838541646,
      "9,6": 22.02271554554524,
      "9,7": 60.00833275470999,
      "9,8": 82.76472678623425,
      "9,9": 0.0,
      "9,10": 25.0,
      "9,11": 16.55294535724685,
      "9,12": 9.848857801796104,
      "9,13": 70.3420215802759,
      "9,14": 16.0,
      "9,15": 16.492422502470642,
      "9,16": 39.408120990476064,
      "9,17": 7.810249675906654,
      "9,18": 45.880278987817846,
      "9,19": 18.681541692269406,
      "9,20": 14.0,
      "9,21": 29.427877939124322,
      "9,22": 64.47480127925948,
      "9,23": 7.0710678118654755,
      "9,24": 67.91170738539859,
      "9,25": 65.62011886609167,
      "9,26": 19.924858845171276,
      "9,27": 43.104524124504614,
      "9,28": 30.610455730027933,
      "9,29": 6.324555320336759,
      "9,30": 15.297058540778355,
      "9,31": 41.677331968349414,
      "9,32": 21.02379604162864,
      "9,33": 80.75270893288967,
      "9,34": 68.73136110975832,
      "9,35": 66.007575322837,
      "9,36": 13.892443989449804,
      "9,37": 41.0,
      "9,38": 31.25699921617557,
      "9,39": 74.54528824815154,
      "9,40": 66.70832032063167,
      "9,41": 34.9857113690718,
      "9,42": 36.0,
      "9,43": 27.294688127912362,
      "9,44": 69.46221994724903,
      "9,45": 57.21887800367987,
      "9,46": 64.76109943476871,
      "9,47": 73.00684899377592,
      "9,48": 73.00684899377592,
      "9,49": 51.03920062069938,
      "9,50": 87.92041856133307,
      "9,1000": 68.52758409161287,
      "9,1001": 21.632761457097462,
      "9,1002": 80.0148763887406,
      "9,1003": 80.92647466333726,
      "9,1004": 66.83962042638994,
      "9,1005": 4.687109919377282,
      "9,1006": 86.43472421180796,
      "9,1007": 74.75954472443173,
      "9,1008": 24.33984466556389,
      "9,1009": 24.668507115590437,
      "9,1010": 27.121978044648476,
      "9,1011": 72.76250979395125,
      "9,1012": 70.81594533153984,
      "9,1013": 50.626342926632475,
      "9,1014": 14.296616197130273,
      "9,1015": 44.5265660737692,
      "9,1016": 4.198740843897835,
      "9,1017": 72.94731703429011,
      "9,1018": 75.06324329188251,
      "9,1019": 19.38363130126158,
      "10,1": 36.235341863986875,
      "10,2": 22.02271554554524,
      "10,3": 28.460498941515414,
      "10,4": 8.602325267042627,
      "10,5": 11.704699910719626,
      "10,6": 32.55764119219941,
      "10,7": 38.41874542459709,
      "10,8": 58.52349955359813,
      "10,9": 25.0,
      "10,10": 0.0,
      "10,11": 12.206555615733702,
      "10,12": 22.847319317591726,
      "10,13": 46.61544808322666,
      "10,14": 41.0,
      "10,15": 9.848857801796104,
      "10,16": 24.041630560342615,
      "10,17": 30.59411708155671,
      "10,18": 23.021728866442675,
      "10,19": 26.90724809414742,
      "10,20": 39.0,
      "10,21": 41.72529209005013,
      "10,22": 42.80186911806539,
      "10,23": 32.01562118716424,
      "10,24": 44.01136216933077,
      "10,25": 41.0,
      "10,26": 36.359317925395686,
      "10,27": 18.24828759089466,
      "10,28": 19.026297590440446,
      "10,29": 23.769728648009426,
      "10,30": 31.76476034853718,
      "10,31": 23.706539182259394,
      "10,32": 4.123105625617661,
      "10,33": 56.089214649520635,
      "10,34": 44.14748010928823,
      "10,35": 41.012193308819754,
      "10,36": 34.17601498127012,
      "10,37": 17.4928556845359,
      "10,38": 7.211102550927978,
      "10,39": 49.8196748283246,
      "10,40": 45.0,
      "10,41": 18.681541692269406,
      "10,42": 11.0,
      "10,43": 13.038404810405298,
      "10,44": 44.721359549995796,
      "10,45": 32.38826948140329,
      "10,46": 40.85339643163099,
      "10,47": 48.010415536631214,
      "10,48": 48.010415536631214,
      "10,49": 33.61547262794322,
      "10,50": 64.8459713474939,
      "10,1000": 45.78728690833881,
      "10,1001": 18.224311538112826,
      "10,1002": 55.17227420213938,
      "10,1003": 57.47290743481344,
      "10,1004": 42.19505246346371,
      "10,1005": 27.019501284329767,
      "10,1006": 61.76360244439268,
      "10,1007": 54.348607544212165,
      "10,1008": 10.247244215219618,
      "10,1009": 28.737251194997437,
      "10,1010": 7.2900689455216545,
      "10,1011": 50.89472262740666,
      "10,1012": 46.4906713307402,
      "10,1013": 31.216456956619055,
      "10,1014": 38.85136970510016,
      "10,1015": 20.27273038479653,
      "10,1016": 28.7247006164742,
      "10,1017": 47.97494015713655,
      "10,1018": 51.419999257562104,
      "10,1019": 27.351954408735597,
      "11,1": 41.23105625617661,
      "11,2": 10.770329614269007,
      "11,3": 40.311288741492746,
      "11,4": 15.0,
      "11,5": 14.560219778561036,
      "11,6": 20.518284528683193,
      "11,7": 43.46262762420146,
      "11,8": 66.75327707311455,
      "11,9": 16.55294535724685,
      "11,10": 12.206555615733702,
      "11,11": 0.0,
      "11,12": 11.180339887498949,
      "11,13": 54.12947441089743,
      "11,14": 31.78049716414141,
      "11,15": 11.045361017187261,
      "11,16": 23.345235059857504,
      "11,17": 20.024984394500787,
      "11,18": 35.22782990761707,
      "11,19": 14.866068747318506,
      "11,20": 29.832867780352597,
      "11,21": 29.732137494637012,
      "11,22": 47.92702786528704,
      "11,23": 23.40939982143925,
      "11,24": 55.94640292279746,
      "11,25": 52.49761899362675,
      "11,26": 33.421549934136806,
      "11,27": 28.284271247461902,
      "11,28": 27.51363298439521,
      "11,29": 13.038404810405298,
      "11,30": 28.42534080710379,
      "11,31": 25.238858928247925,
      "11,32": 8.48528137423857,
      "11,33": 65.12296062065974,
      "11,34": 53.08483775994799,
      "11,35": 51.62363799656123,
      "11,36": 29.068883707497267,
      "11,37": 25.079872407968907,
      "11,38": 16.278820596099706,
      "11,39": 61.1310068623117,
      "11,40": 50.15974481593781,
      "11,41": 29.154759474226502,
      "11,42": 22.135943621178654,
      "11,43": 10.816653826391969,
      "11,44": 56.04462507680822,
      "11,45": 43.68065933568311,
      "11,46": 48.662100242385755,
      "11,47": 58.54912467321779,
      "11,48": 58.54912467321779,
      "11,49": 34.828149534535996,
      "11,50": 71.47027354082255,
      "11,1000": 52.06623464791101,
      "11,1001": 8.378726184778174,
      "11,1002": 66.26109509317642,
      "11,1003": 64.5801241910941,
      "11,1004": 53.65719749037537,
      "11,1005": 16.866010233079557,
      "11,1006": 70.78784600749256,
      "11,1007": 58.265561128620874,
      "11,1008": 7.796283350674481,
      "11,1009": 17.662548386966257,
      "11,1010": 18.053054268536233,
      "11,1011": 56.21451288856973,
      "11,1012": 58.19727187131953,
      "11,1013": 34.13328156204531,
      "11,1014": 30.79123591622434,
      "11,1015": 28.93369597202684,
      "11,1016": 19.288652164764073,
      "11,1017": 58.71458070261686,
      "11,1018": 58.797731114212304,
      "11,1019": 15.368006726965156,
      "12,1": 50.96076922496363,
      "12,2": 10.63014581273465,
      "12,3": 51.264022471905186,
      "12,4": 26.076809620810597,
      "12,5": 25.079872407968907,
      "12,6": 13.341664064126334,
      "12,7": 53.16013544000805,
      "12,8": 77.41446893184762,
      "12,9": 9.848857801796104,
      "12,10": 22.847319317591726,
      "12,11": 11.180339887498949,
      "12,12": 0.0,
      "12,13": 64.6297145282261,
      "12,14": 21.93171219946131,
      "12,15": 17.69180601295413,
      "12,16": 31.304951684997057,
      "12,17": 9.486832980505138,
      "12,18": 45.65084884205331,
      "12,19": 9.055385138137417,
      "12,20": 20.12461179749811,
      "12,21": 21.93171219946131,
      "12,22": 57.56735185849702,
      "12,23": 14.866068747318506,
      "12,24": 66.85057965343307,
      "12,25": 63.60031446463138,
      "12,26": 29.732137494637012,
      "12,27": 39.45883931389772,
      "12,28": 34.40930106817051,
      "12,29": 3.605551275463989,
      "12,30": 25.0,
      "12,31": 34.17601498127012,
      "12,32": 18.788294228055936,
      "12,33": 76.02631123499285,
      "12,34": 64.00781202322104,
      "12,35": 62.80127387243033,
      "12,36": 23.706539182259394,
      "12,37": 36.0,
      "12,38": 27.459060435491963,
      "12,39": 72.27724399837061,
      "12,40": 59.77457653551382,
      "12,41": 37.48332962798263,
      "12,42": 33.24154027718932,
      "12,43": 20.396078054371138,
      "12,44": 67.1863081289633,
      "12,45": 54.817880294662984,
      "12,46": 59.30430001273095,
      "12,47": 69.72087205421343,
      "12,48": 69.72087205421343,
      "12,49": 42.941821107167776,
      "12,50": 81.49233092751734,
      "12,1000": 62.128975602352284,
      "12,1001": 12.902471076193105,
      "12,1002": 77.43383184536405,
      "12,1003": 74.85018254691192,
      "12,1004": 64.76950888053298,
      "12,1005": 7.305783078650154,
      "12,1006": 81.67266227576346,
      "12,1007": 67.12742270960888,
      "12,1008": 18.26921100115346,
      "12,1009": 14.8737553127388,
      "12,1010": 27.440652130896392,
      "12,1011": 65.8065003765846,
      "12,1012": 69.23412926803704,
      "12,1013": 43.1719308347335,
      "12,1014": 22.124849141203324,
      "12,1015": 39.9710278362051,
      "12,1016": 10.317806716618879,
      "12,1017": 69.89418635814918,
      "12,1018": 69.21272294019406,
      "12,1019": 9.770510824937196,
      "13,1": 15.811388300841896,
      "13,2": 57.0087712549569,
      "13,3": 31.38470965295043,
      "13,4": 39.56008088970496,
      "13,5": 39.6232255123179,
      "13,6": 67.11929677819934,
      "13,7": 14.317821063276353,
      "13,8": 13.038404810405298,
      "13,9": 70.3420215802759,
      "13,10": 46.61544808322666,
      "13,11": 54.12947441089743,
      "13,12": 64.6297145282261,
      "13,13": 0.0,
      "13,14": 85.90692637965812,
      "13,15": 56.462376853972415,
      "13,16": 36.345563690772494,
      "13,17": 73.97972695272672,
      "13,18": 39.20459156782532,
      "13,19": 63.0,
      "13,20": 83.95236744726142,
      "13,21": 73.824115301167,
      "13,22": 12.041594578792296,
      "13,23": 77.3692445355388,
      "13,24": 34.058772731852805,
      "13,25": 27.16615541441225,
      "13,26": 82.73451516749222,
      "13,27": 29.154759474226502,
      "13,28": 57.48912940721924,
      "13,29": 67.08203932499369,
      "13,30": 78.29431652425353,
      "13,31": 32.14031735997639,
      "13,32": 49.9799959983992,
      "13,33": 13.892443989449804,
      "13,34": 8.0,
      "13,35": 19.1049731745428,
      "13,36": 80.77747210701756,
      "13,37": 29.410882339705484,
      "13,38": 39.56008088970496,
      "13,39": 27.65863337187866,
      "13,40": 11.40175425099138,
      "13,41": 52.3450093132096,
      "13,42": 36.71511950137164,
      "13,43": 44.28317965096906,
      "13,44": 26.019223662515376,
      "13,45": 25.495097567963924,
      "13,46": 5.830951894845301,
      "13,47": 19.6468827043885,
      "13,48": 19.6468827043885,
      "13,49": 28.231188426986208,
      "13,50": 18.601075237738275,
      "13,1000": 6.249760295131677,
      "13,1001": 52.84817066041874,
      "13,1002": 27.99026148717202,
      "13,1003": 10.940897739947676,
      "13,1004": 26.973578317834875,
      "13,1005": 70.98015648057161,
      "13,1006": 18.68048357139029,
      "13,1007": 18.77945970686816,
      "13,1008": 46.468131493053704,
      "13,1009": 60.078518806078975,
      "13,1010": 48.851625099948315,
      "13,1011": 11.434336694620237,
      "13,1012": 31.263297586894627,
      "13,1013": 24.618327201329908,
      "13,1014": 84.62098042573336,
      "13,1015": 26.359732026001968,
      "13,1016": 73.39778231122008,
      "13,1017": 21.348645863969526,
      "13,1018": 4.813889535396935,
      "13,1019": 62.952130982735675,
      "14,1": 72.73238618387272,
      "14,2": 31.906112267087632,
      "14,3": 68.59300255857006,
      "14,4": 46.52956049652737,
      "14,5": 46.32493928760188,
      "14,6": 27.80287754891569,
      "14,7": 74.94664769020693,
      "14,8": 98.47842403288143,
      "14,9": 16.0,
      "14,10": 41.0,
      "14,11": 31.78049716414141,
      "14,12": 21.93171219946131,
      "14,13": 85.90692637965812,
      "14,14": 0.0,
      "14,15": 32.2490309931942,
      "14,16": 53.225933528685054,
      "14,17": 12.529964086141668,
      "14,18": 61.39218191268331,
      "14,19": 27.65863337187866,
      "14,20": 2.0,
      "14,21": 31.016124838541646,
      "14,22": 79.37883848986453,
      "14,23": 9.055385138137417,
      "14,24": 83.54639429682169,
      "14,25": 81.49846624323675,
      "14,26": 21.470910553583888,
      "14,27": 59.07622195096772,
      "14,28": 44.28317965096906,
      "14,29": 18.973665961010276,
      "14,30": 19.849433241279208,
      "14,31": 56.08029957123981,
      "14,32": 37.013511046643494,
      "14,33": 96.62815324738438,
      "14,34": 84.5931439302264,
      "14,35": 82.00609733428362,
      "14,36": 15.0,
      "14,37": 56.71860364994893,
      "14,38": 47.16990566028302,
      "14,39": 90.44888059008801,
      "14,40": 81.59656855530139,
      "14,41": 49.39635614091387,
      "14,42": 52.0,
      "14,43": 42.05948168962618,
      "14,44": 85.37564055396598,
      "14,45": 73.17103251970687,
      "14,46": 80.4114419718985,
      "14,47": 89.00561780022652,
      "14,48": 89.00561780022652,
      "14,49": 64.8459713474939,
      "14,50": 103.16006979447037,
      "14,1000": 83.76004077361267,
      "14,1001": 34.79828880967331,
      "14,1002": 95.95705721489091,
      "14,1003": 96.34577415428168,
