{
  "metadata": {
    "source": "Mankowska HCSRP",
    "seed": 1,
    "sigma": 0.15
  },
  "parameters": {
    "p": 10
  },
  "sets": {
    "customers": [
      1,
      2,
      3,
      4,
      5,
      6,
      7,
      8,
      9,
      10,
      11,
      12,
      13,
      14,
      15,
      16,
      17,
      18,
      19,
      20,
      21,
      22,
      23,
      24,
      25,
      26,
      27,
      28,
      29,
      30,
      31,
      32,
      33,
      34,
      35,
      36,
      37,
      38,
      39,
      40,
      41,
      42,
      43,
      44,
      45,
      46,
      47,
      48,
      49,
      50
    ],
    "facilities": [
      1000,
      1001,
      1002,
      1003,
      1004,
      1005,
      1006,
      1007,
      1008,
      1009,
      1010,
      1011,
      1012,
      1013,
      1014,
      1015,
      1016,
      1017,
      1018,
      1019
    ],
    "vehicles": [
      0,
      1,
      2,
      3,
      4,
      5,
      6,
      7,
      8,
      9
    ]
  },
  "coordinates": {
    "customers": {
      "1": {
        "x": 40.0,
        "y": 29.0
      },
      "2": {
        "x": 89.0,
        "y": 22.0
      },
      "3": {
        "x": 6.0,
        "y": 7.0
      },
      "4": {
        "x": 47.0,
        "y": 18.0
      },
      "5": {
        "x": 94.0,
        "y": 4.0
      },
      "6": {
        "x": 34.0,
        "y": 24.0
      },
      "7": {
        "x": 14.0,
        "y": 7.0
      },
      "8": {
        "x": 67.0,
        "y": 7.0
      },
      "9": {
        "x": 30.0,
        "y": 47.0
      },
      "10": {
        "x": 78.0,
        "y": 6.0
      },
      "11": {
        "x": 99.0,
        "y": 11.0
      },
      "12": {
        "x": 56.0,
        "y": 45.0
      },
      "13": {
        "x": 62.0,
        "y": 0.0
      },
      "14": {
        "x": 53.0,
        "y": 28.0
      },
      "15": {
        "x": 79.0,
        "y": 38.0
      },
      "16": {
        "x": 7.0,
        "y": 7.0
      },
      "17": {
        "x": 30.0,
        "y": 32.0
      },
      "18": {
        "x": 97.0,
        "y": 17.0
      },
      "19": {
        "x": 67.0,
        "y": 15.0
      },
      "20": {
        "x": 2.0,
        "y": 0.0
      },
      "21": {
        "x": 58.0,
        "y": 47.0
      },
      "22": {
        "x": 42.0,
        "y": 13.0
      },
      "23": {
        "x": 34.0,
        "y": 44.0
      },
      "24": {
        "x": 36.0,
        "y": 24.0
      },
      "25": {
        "x": 59.0,
        "y": 17.0
      },
      "26": {
        "x": 98.0,
        "y": 9.0
      },
      "27": {
        "x": 99.0,
        "y": 39.0
      },
      "28": {
        "x": 58.0,
        "y": 7.0
      },
      "29": {
        "x": 70.0,
        "y": 13.0
      },
      "30": {
        "x": 14.0,
        "y": 31.0
      },
      "31": {
        "x": 94.0,
        "y": 17.0
      },
      "32": {
        "x": 34.0,
        "y": 47.0
      },
      "33": {
        "x": 38.0,
        "y": 24.0
      },
      "34": {
        "x": 94.0,
        "y": 35.0
      },
      "35": {
        "x": 91.0,
        "y": 20.0
      },
      "36": {
        "x": 35.0,
        "y": 49.0
      },
      "37": {
        "x": 33.0,
        "y": 5.0
      },
      "38": {
        "x": 8.0,
        "y": 1.0
      },
      "39": {
        "x": 5.0,
        "y": 5.0
      },
      "40": {
        "x": 31.0,
        "y": 24.0
      },
      "41": {
        "x": 72.0,
        "y": 26.0
      },
      "42": {
        "x": 46.0,
        "y": 38.0
      },
      "43": {
        "x": 8.0,
        "y": 47.0
      },
      "44": {
        "x": 35.0,
        "y": 3.0
      },
      "45": {
        "x": 86.0,
        "y": 49.0
      },
      "46": {
        "x": 3.0,
        "y": 35.0
      },
      "47": {
        "x": 43.0,
        "y": 21.0
      },
      "48": {
        "x": 70.0,
        "y": 25.0
      },
      "49": {
        "x": 96.0,
        "y": 42.0
      },
      "50": {
        "x": 0.0,
        "y": 0.0
      }
    },
    "facilities": {
      "1000": {
        "x": 4.5089172198692165,
        "y": 7.828249455869932
      },
      "1001": {
        "x": 16.782983255570212,
        "y": 44.62408475376425
      },
      "1002": {
        "x": -0.6680120573877328,
        "y": 3.4423315116543467
      },
      "1003": {
        "x": 52.580815751497354,
        "y": -5.566166674539299
      },
      "1004": {
        "x": 57.75775187301144,
        "y": 16.916244827637012
      },
      "1005": {
        "x": 28.66168900515145,
        "y": 38.61733083081968
      },
      "1006": {
        "x": 32.375620746753775,
        "y": 23.192069314754672
      },
      "1007": {
        "x": 26.79563229180971,
        "y": 14.429794105318177
      },
      "1008": {
        "x": 100.75155951325146,
        "y": 5.129086453048668
      },
      "1009": {
        "x": 91.84588725864892,
        "y": 15.718125317894355
      },
      "1010": {
        "x": 55.850868243521305,
        "y": 45.1989305759058
      },
      "1011": {
        "x": 34.41779919611613,
        "y": 9.653903707202582
      },
      "1012": {
        "x": 9.429688151665367,
        "y": 9.223835393905592
      },
      "1013": {
        "x": 48.7288117359892,
        "y": 27.442139999228303
      },
      "1014": {
        "x": 40.60071386548654,
        "y": 47.40611132828142
      },
      "1015": {
        "x": 29.067370218658354,
        "y": 6.7516121228711885
      },
      "1016": {
        "x": 63.64958001663715,
        "y": 51.92394836856626
      },
      "1017": {
        "x": 70.10567641159201,
        "y": 26.78004515965103
      },
      "1018": {
        "x": -6.309483396973167,
        "y": 29.85479947086135
      },
      "1019": {
        "x": 94.94808495108606,
        "y": 20.286279986015487
      }
    }
  },
  "time_windows": {
    "e": {
      "1": 28.0,
      "2": 252.0,
      "3": 200.0,
      "4": 427.0,
      "5": 309.0,
      "6": 390.0,
      "7": 366.0,
      "8": 39.0,
      "9": 7.0,
      "10": 348.0,
      "11": 14.0,
      "12": 446.0,
      "13": 154.0,
      "14": 54.0,
      "15": 434.0,
      "16": 416.0,
      "17": 187.0,
      "18": 399.0,
      "19": 290.0,
      "20": 431.0,
      "21": 438.0,
      "22": 207.0,
      "23": 359.0,
      "24": 442.0,
      "25": 256.0,
      "26": 54.0,
      "27": 202.0,
      "28": 155.0,
      "29": 273.0,
      "30": 322.0,
      "31": 379.0,
      "32": 426.0,
      "33": 367.0,
      "34": 350.0,
      "35": 430.0,
      "36": 284.0,
      "37": 357.0,
      "38": 295.0,
      "39": 127.0,
      "40": 188.0,
      "41": 242.0,
      "42": 475.0,
      "43": 278.0,
      "44": 259.0,
      "45": 222.0,
      "46": 0.0,
      "47": 454.0,
      "48": 183.0,
      "49": 136.0,
      "50": 47.0
    },
    "l": {
      "1": 148.0,
      "2": 372.0,
      "3": 320.0,
      "4": 547.0,
      "5": 429.0,
      "6": 510.0,
      "7": 486.0,
      "8": 159.0,
      "9": 127.0,
      "10": 468.0,
      "11": 134.0,
      "12": 566.0,
      "13": 274.0,
      "14": 174.0,
      "15": 554.0,
      "16": 536.0,
      "17": 307.0,
      "18": 519.0,
      "19": 410.0,
      "20": 551.0,
      "21": 558.0,
      "22": 327.0,
      "23": 479.0,
      "24": 562.0,
      "25": 376.0,
      "26": 174.0,
      "27": 322.0,
      "28": 275.0,
      "29": 393.0,
      "30": 442.0,
      "31": 499.0,
      "32": 546.0,
      "33": 487.0,
      "34": 470.0,
      "35": 550.0,
      "36": 404.0,
      "37": 477.0,
      "38": 415.0,
      "39": 247.0,
      "40": 308.0,
      "41": 362.0,
      "42": 595.0,
      "43": 398.0,
      "44": 379.0,
      "45": 342.0,
      "46": 120.0,
      "47": 574.0,
      "48": 303.0,
      "49": 256.0,
      "50": 167.0
    }
  },
  "travel_time": {
    "matrix": {
      "1,1": 0.0,
      "1,2": 49.49747468305833,
      "1,3": 40.496913462633174,
      "1,4": 13.038404810405298,
      "1,5": 59.50630218724736,
      "1,6": 7.810249675906654,
      "1,7": 34.058772731852805,
      "1,8": 34.828149534535996,
      "1,9": 20.591260281974,
      "1,10": 44.41846462902562,
      "1,11": 61.68468205316454,
      "1,12": 22.627416997969522,
      "1,13": 36.40054944640259,
      "1,14": 13.038404810405298,
      "1,15": 40.024992192379,
      "1,16": 39.66106403010388,
      "1,17": 10.44030650891055,
      "1,18": 58.249463516842795,
      "1,19": 30.4138126514911,
      "1,20": 47.80167361086848,
      "1,21": 25.45584412271571,
      "1,22": 16.1245154965971,
      "1,23": 16.15549442140351,
      "1,24": 6.4031242374328485,
      "1,25": 22.47220505424423,
      "1,26": 61.35144660071187,
      "1,27": 59.841457201508724,
      "1,28": 28.42534080710379,
      "1,29": 34.0,
      "1,30": 26.076809620810597,
      "1,31": 55.31726674375732,
      "1,32": 18.973665961010276,
      "1,33": 5.385164807134504,
      "1,34": 54.3323108288245,
      "1,35": 51.78802950489621,
      "1,36": 20.615528128088304,
      "1,37": 25.0,
      "1,38": 42.5205832509386,
      "1,39": 42.43819034784589,
      "1,40": 10.295630140987,
      "1,41": 32.14031735997639,
      "1,42": 10.816653826391969,
      "1,43": 36.71511950137164,
      "1,44": 26.476404589747453,
      "1,45": 50.15974481593781,
      "1,46": 37.48332962798263,
      "1,47": 8.54400374531753,
      "1,48": 30.265491900843113,
      "1,49": 57.48912940721924,
      "1,50": 49.4064773081425,
      "1,1000": 41.326262570053046,
      "1,1001": 27.98467242802641,
      "1,1002": 48.0320895158644,
      "1,1003": 36.784464160092845,
      "1,1004": 21.479173416336362,
      "1,1005": 14.867762055041716,
      "1,1006": 9.584530131516397,
      "1,1007": 19.66332185533562,
      "1,1008": 65.27306103484162,
      "1,1009": 53.520129117068585,
      "1,1010": 22.66396646389347,
      "1,1011": 20.13535218428205,
      "1,1012": 36.409348429102245,
      "1,1013": 8.86674021861175,
      "1,1014": 18.415911364287062,
      "1,1015": 24.78937589103547,
      "1,1016": 32.93645463264094,
      "1,1017": 30.18741379602891,
      "1,1018": 46.317371845020716,
      "1,1019": 55.634709995414596,
      "2,1": 49.49747468305833,
      "2,2": 0.0,
      "2,3": 84.34453153583817,
      "2,4": 42.190046219457976,
      "2,5": 18.681541692269406,
      "2,6": 55.036351623268054,
      "2,7": 76.48529270389177,
      "2,8": 26.627053911388696,
      "2,9": 64.07807737440318,
      "2,10": 19.4164878389476,
      "2,11": 14.866068747318506,
      "2,12": 40.22437072223753,
      "2,13": 34.828149534535996,
      "2,14": 36.49657518178932,
      "2,15": 18.867962264113206,
      "2,16": 83.3606621854697,
      "2,17": 59.841457201508724,
      "2,18": 9.433981132056603,
      "2,19": 23.08679276123039,
      "2,20": 89.73850901368932,
      "2,21": 39.824615503479755,
      "2,22": 47.853944456021594,
      "2,23": 59.23681287847955,
      "2,24": 53.03772242470448,
      "2,25": 30.4138126514911,
      "2,26": 15.811388300841896,
      "2,27": 19.72308292331602,
      "2,28": 34.438350715445125,
      "2,29": 21.02379604162864,
      "2,30": 75.53806987208503,
      "2,31": 7.0710678118654755,
      "2,32": 60.41522986797286,
      "2,33": 51.03920062069938,
      "2,34": 13.92838827718412,
      "2,35": 2.8284271247461903,
      "2,36": 60.37383539249432,
      "2,37": 58.52349955359813,
      "2,38": 83.67795408588812,
      "2,39": 85.70297544426332,
      "2,40": 58.034472514187634,
      "2,41": 17.46424919657298,
      "2,42": 45.880278987817846,
      "2,43": 84.77027781009096,
      "2,44": 57.245087125446844,
      "2,45": 27.16615541441225,
      "2,46": 86.97700845625813,
      "2,47": 46.010868281309364,
      "2,48": 19.235384061671343,
      "2,49": 21.18962010041709,
      "2,50": 91.67878707749138,
      "2,1000": 85.67135800746924,
      "2,1001": 75.67791433708226,
      "2,1002": 91.56822290536805,
      "2,1003": 45.675491529428164,
      "2,1004": 31.65316152741851,
      "2,1005": 62.584722238354395,
      "2,1006": 56.63692572047534,
      "2,1007": 62.663317652863086,
      "2,1008": 20.56032283069011,
      "2,1009": 6.896450087590001,
      "2,1010": 40.46054023458018,
      "2,1011": 55.961082354315906,
      "2,1012": 80.58948386534834,
      "2,1013": 40.63724267179802,
      "2,1014": 54.662248317788176,
      "2,1015": 61.84200389184303,
      "2,1016": 39.21844565121751,
      "2,1017": 19.48959454662343,
      "2,1018": 95.63260688763717,
      "2,1019": 6.190036419252114,
      "3,1": 40.496913462633174,
      "3,2": 84.34453153583817,
      "3,3": 0.0,
      "3,4": 42.44997055358225,
      "3,5": 88.05112151472007,
      "3,6": 32.7566787083184,
      "3,7": 8.0,
      "3,8": 61.0,
      "3,9": 46.647615158762406,
      "3,10": 72.00694410957877,
      "3,11": 93.08598175880189,
      "3,12": 62.80127387243033,
      "3,13": 56.43580423808985,
      "3,14": 51.478150704935004,
      "3,15": 79.30952023559341,
      "3,16": 1.0,
      "3,17": 34.655446902326915,
      "3,18": 91.54780172128658,
      "3,19": 61.5223536610881,
      "3,20": 8.06225774829855,
      "3,21": 65.60487786742691,
      "3,22": 36.49657518178932,
      "3,23": 46.400431032480725,
      "3,24": 34.48187929913333,
      "3,25": 53.9351462406472,
      "3,26": 92.02173656261873,
      "3,27": 98.35141076771599,
      "3,28": 52.0,
      "3,29": 64.28063471995279,
      "3,30": 25.298221281347036,
      "3,31": 88.56635930193812,
      "3,32": 48.82622246293481,
      "3,33": 36.235341863986875,
      "3,34": 92.34717104492157,
      "3,35": 85.98837130682264,
      "3,36": 51.03920062069938,
      "3,37": 27.073972741361768,
      "3,38": 6.324555320336759,
      "3,39": 2.23606797749979,
      "3,40": 30.23243291566195,
      "3,41": 68.6804193347711,
      "3,42": 50.60632371551998,
      "3,43": 40.049968789001575,
      "3,44": 29.274562336608895,
      "3,45": 90.35485598461214,
      "3,46": 28.160255680657446,
      "3,47": 39.56008088970496,
      "3,48": 66.48308055437865,
      "3,49": 96.56603957913983,
      "3,50": 9.219544457292887,
      "3,1000": 1.7056743588245045,
      "3,1001": 39.1387848744483,
      "3,1002": 7.557737086617649,
      "3,1003": 48.2460458583628,
      "3,1004": 52.69911565130725,
      "3,1005": 38.899971175204016,
      "3,1006": 30.9492565091701,
      "3,1007": 22.083028842610776,
      "3,1008": 94.77002874165123,
      "3,1009": 86.28743864713549,
      "3,1010": 62.80340246973719,
      "3,1011": 28.541452591588293,
      "3,1012": 4.087567085304049,
      "3,1013": 47.36699737282972,
      "3,1014": 53.19645883585433,
      "3,1015": 23.068707491798296,
      "3,1016": 73.08649131759067,
      "3,1017": 67.0879119864792,
      "3,1018": 25.958914467936488,
      "3,1019": 89.93490452728805,
      "4,1": 13.038404810405298,
      "4,2": 42.190046219457976,
      "4,3": 42.44997055358225,
      "4,4": 0.0,
      "4,5": 49.040799340956916,
      "4,6": 14.317821063276353,
      "4,7": 34.785054261852174,
      "4,8": 22.825424421026653,
      "4,9": 33.61547262794322,
      "4,10": 33.24154027718932,
      "4,11": 52.46903848937962,
      "4,12": 28.460498941515414,
      "4,13": 23.430749027719962,
      "4,14": 11.661903789690601,
      "4,15": 37.73592452822641,
      "4,16": 41.48493702538308,
      "4,17": 22.02271554554524,
      "4,18": 50.00999900019995,
      "4,19": 20.223748416156685,
      "4,20": 48.46648326421054,
      "4,21": 31.016124838541646,
      "4,22": 7.0710678118654755,
      "4,23": 29.068883707497267,
      "4,24": 12.529964086141668,
      "4,25": 12.041594578792296,
      "4,26": 51.78802950489621,
      "4,27": 56.08029957123981,
      "4,28": 15.556349186104045,
      "4,29": 23.53720459187964,
      "4,30": 35.4682957019364,
      "4,31": 47.01063709417264,
      "4,32": 31.78049716414141,
      "4,33": 10.816653826391969,
      "4,34": 49.9799959983992,
      "4,35": 44.04543109109048,
      "4,36": 33.24154027718932,
      "4,37": 19.1049731745428,
      "4,38": 42.5440947723653,
      "4,39": 43.965895873961216,
      "4,40": 17.08800749063506,
      "4,41": 26.248809496813376,
      "4,42": 20.024984394500787,
      "4,43": 48.60041152089147,
      "4,44": 19.209372712298546,
      "4,45": 49.8196748283246,
      "4,46": 47.16990566028302,
      "4,47": 5.0,
      "4,48": 24.041630560342615,
      "4,49": 54.56189146281496,
      "4,50": 50.32891812864648,
      "4,1000": 43.69160817548305,
      "4,1001": 40.27294364593644,
      "4,1002": 49.84139931141414,
      "4,1003": 24.217962676169268,
      "4,1004": 10.812203782527629,
      "4,1005": 27.592897287730604,
      "4,1006": 15.518700084478587,
      "4,1007": 20.517379087451285,
      "4,1008": 55.271064451842335,
      "4,1009": 44.90390357285526,
      "4,1010": 28.60279170180976,
      "4,1011": 15.098645647802414,
      "4,1012": 38.58172362109264,
      "4,1013": 9.5991040094126,
      "4,1014": 30.094355724664666,
      "4,1015": 21.168501144601613,
      "4,1016": 37.78945339170114,
      "4,1017": 24.717634907950057,
      "4,1018": 54.61169554725885,
      "4,1019": 48.002561667592495,
      "5,1": 59.50630218724736,
      "5,2": 18.681541692269406,
      "5,3": 88.05112151472007,
      "5,4": 49.040799340956916,
      "5,5": 0.0,
      "5,6": 63.245553203367585,
      "5,7": 80.05623023850174,
      "5,8": 27.16615541441225,
      "5,9": 77.10382610480494,
      "5,10": 16.1245154965971,
      "5,11": 8.602325267042627,
      "5,12": 55.90169943749474,
      "5,13": 32.2490309931942,
      "5,14": 47.50789408087881,
      "5,15": 37.16180835212409,
      "5,16": 87.05170877128145,
      "5,17": 69.85699678629192,
      "5,18": 13.341664064126334,
      "5,19": 29.154759474226502,
      "5,20": 92.0869154657707,
      "5,21": 56.08029957123981,
      "5,22": 52.773099207835045,
      "5,23": 72.11102550927978,
      "5,24": 61.35144660071187,
      "5,25": 37.33630940518894,
      "5,26": 6.4031242374328485,
      "5,27": 35.35533905932738,
      "5,28": 36.124783736376884,
      "5,29": 25.632011235952593,
      "5,30": 84.43340571124678,
      "5,31": 13.0,
      "5,32": 73.81734213584231,
      "5,33": 59.464274989274024,
      "5,34": 31.0,
      "5,35": 16.278820596099706,
      "5,36": 74.2024258363566,
      "5,37": 61.00819617067857,
      "5,38": 86.05230967266364,
      "5,39": 89.00561780022652,
      "5,40": 66.09841147864296,
      "5,41": 31.11269837220809,
      "5,42": 58.82176467941097,
      "5,43": 96.15092303249095,
      "5,44": 59.00847396772772,
      "5,45": 45.70557952810576,
      "5,46": 96.13532129243653,
      "5,47": 53.75872022286245,
      "5,48": 31.89043743820395,
      "5,49": 38.05259518088089,
      "5,50": 94.08506789071261,
      "5,1000": 89.5729277798632,
      "5,1001": 87.25126897066066,
      "5,1002": 94.66965459449295,
      "5,1003": 42.509532679817546,
      "5,1004": 38.47505594207324,
      "5,1005": 73.94223743916575,
      "5,1006": 64.54378082302176,
      "5,1007": 68.00887915659969,
      "5,1008": 6.845318990334517,
      "5,1009": 11.914472823768904,
      "5,1010": 56.14898159692193,
      "5,1011": 59.849856138211884,
      "5,1012": 84.73149415859011,
      "5,1013": 50.98052975969286,
      "5,1014": 68.81550886478136,
      "5,1015": 64.99090536063879,
      "5,1016": 56.72612114713569,
      "5,1017": 33.01316642225176,
      "5,1018": 103.58794869600463,
      "5,1019": 16.313852422323933,
      "6,1": 7.810249675906654,
      "6,2": 55.036351623268054,
      "6,3": 32.7566787083184,
      "6,4": 14.317821063276353,
      "6,5": 63.245553203367585,
      "6,6": 0.0,
      "6,7": 26.248809496813376,
      "6,8": 37.12142238654117,
      "6,9": 23.345235059857504,
      "6,10": 47.53945729601885,
      "6,11": 66.2872536767062,
      "6,12": 30.4138126514911,
      "6,13": 36.87817782917155,
      "6,14": 19.4164878389476,
      "6,15": 47.12748667179272,
      "6,16": 31.906112267087632,
      "6,17": 8.94427190999916,
      "6,18": 63.387695966961914,
      "6,19": 34.20526275297414,
      "6,20": 40.0,
      "6,21": 33.24154027718932,
      "6,22": 13.601470508735444,
      "6,23": 20.0,
      "6,24": 2.0,
      "6,25": 25.96150997149434,
      "6,26": 65.73431371817918,
      "6,27": 66.70832032063167,
      "6,28": 29.410882339705484,
      "6,29": 37.64306044943742,
      "6,30": 21.18962010041709,
      "6,31": 60.40695324215582,
      "6,32": 23.0,
      "6,33": 4.0,
      "6,34": 61.0,
      "6,35": 57.14017850864661,
      "6,36": 25.019992006393608,
      "6,37": 19.026297590440446,
      "6,38": 34.713109915419565,
      "6,39": 34.66987164671943,
      "6,40": 3.0,
      "6,41": 38.05259518088089,
      "6,42": 18.439088914585774,
      "6,43": 34.713109915419565,
      "6,44": 21.02379604162864,
      "6,45": 57.697486947006624,
      "6,46": 32.89376840679705,
      "6,47": 9.486832980505138,
      "6,48": 36.013886210738214,
      "6,49": 64.5600495662759,
      "6,50": 41.617304093369626,
      "6,1000": 33.634052375622204,
      "6,1001": 26.865936378775757,
      "6,1002": 40.304947508809654,
      "6,1003": 34.91997889200007,
      "6,1004": 24.79133641822397,
      "6,1005": 15.561617039862938,
      "6,1006": 1.8142105584903172,
      "6,1007": 11.978804403671417,
      "6,1008": 69.36773079427972,
      "6,1009": 58.43574352218361,
      "6,1010": 30.444295041235584,
      "6,1011": 14.35217875482643,
      "6,1012": 28.671157367480134,
      "6,1013": 15.125680907929418,
      "6,1014": 24.31903515861454,
      "6,1015": 17.93983614528468,
      "6,1016": 40.72891463878363,
      "6,1017": 36.21254644772018,
      "6,1018": 40.7324579245453,
      "6,1019": 61.06112327452773,
      "7,1": 34.058772731852805,
      "7,2": 76.48529270389177,
      "7,3": 8.0,
      "7,4": 34.785054261852174,
      "7,5": 80.05623023850174,
      "7,6": 26.248809496813376,
      "7,7": 0.0,
      "7,8": 53.0,
      "7,9": 43.08131845707603,
      "7,10": 64.00781202322104,
      "7,11": 85.09406559801923,
      "7,12": 56.639209034025185,
      "7,13": 48.507731342539614,
      "7,14": 44.294469180700204,
      "7,15": 72.01388754955533,
      "7,16": 7.0,
      "7,17": 29.68164415931166,
      "7,18": 83.60023923410746,
      "7,19": 53.600373133029585,
      "7,20": 13.892443989449804,
      "7,21": 59.464274989274024,
      "7,22": 28.635642126552707,
      "7,23": 42.05948168962618,
      "7,24": 27.80287754891569,
      "7,25": 46.09772228646444,
      "7,26": 84.02380615040002,
      "7,27": 90.82400563727631,
      "7,28": 44.0,
      "7,29": 56.32051136131489,
      "7,30": 24.0,
      "7,31": 80.62257748298549,
      "7,32": 44.721359549995796,
      "7,33": 29.410882339705484,
      "7,34": 84.75848040166836,
      "7,35": 78.08969202141856,
      "7,36": 46.95742752749558,
      "7,37": 19.1049731745428,
      "7,38": 8.48528137423857,
      "7,39": 9.219544457292887,
      "7,40": 24.041630560342615,
      "7,41": 61.032778078668514,
      "7,42": 44.553338819890925,
      "7,43": 40.44749683231337,
      "7,44": 21.37755832643195,
      "7,45": 83.35466393669883,
      "7,46": 30.083217912982647,
      "7,47": 32.202484376209235,
      "7,48": 58.82176467941097,
      "7,49": 89.15716460273958,
      "7,50": 15.652475842498529,
      "7,1000": 9.527153273693246,
      "7,1001": 37.72687038914333,
      "7,1002": 15.093295955113302,
      "7,1003": 40.57570564935733,
      "7,1004": 44.86727939670149,
      "7,1005": 34.8514093452371,
      "7,1006": 24.491764871530748,
      "7,1007": 14.796284878124784,
      "7,1008": 86.77173154594402,
      "7,1009": 78.33254669768364,
      "7,1010": 56.66262851191649,
      "7,1011": 20.58955387812043,
      "7,1012": 5.082636545161888,
      "7,1013": 40.29852915854164,
      "7,1014": 48.376149193863704,
      "7,1015": 15.069417435442462,
      "7,1016": 66.95701556110504,
      "7,1017": 59.49031107768816,
      "7,1018": 30.57477677277813,
      "7,1019": 82.03119951039994,
      "8,1": 34.828149534535996,
      "8,2": 26.627053911388696,
      "8,3": 61.0,
      "8,4": 22.825424421026653,
      "8,5": 27.16615541441225,
      "8,6": 37.12142238654117,
      "8,7": 53.0,
      "8,8": 0.0,
      "8,9": 54.48853090330111,
      "8,10": 11.045361017187261,
      "8,11": 32.2490309931942,
      "8,12": 39.56008088970496,
      "8,13": 8.602325267042627,
      "8,14": 25.238858928247925,
      "8,15": 33.24154027718932,
      "8,16": 60.0,
      "8,17": 44.654227123532216,
      "8,18": 31.622776601683793,
      "8,19": 8.0,
      "8,20": 65.37583651472461,
      "8,21": 41.0,
      "8,22": 25.709920264364882,
      "8,23": 49.57822102496216,
      "8,24": 35.35533905932738,
      "8,25": 12.806248474865697,
      "8,26": 31.064449134018133,
      "8,27": 45.254833995939045,
      "8,28": 9.0,
      "8,29": 6.708203932499369,
      "8,30": 58.180752831155424,
      "8,31": 28.792360097775937,
      "8,32": 51.85556864985669,
      "8,33": 33.61547262794322,
      "8,34": 38.897300677553446,
      "8,35": 27.294688127912362,
      "8,36": 52.80151512977634,
      "8,37": 34.058772731852805,
      "8,38": 59.30430001273095,
      "8,39": 62.03224967708329,
      "8,40": 39.81205847478876,
      "8,41": 19.6468827043885,
      "8,42": 37.44329045369811,
      "8,43": 71.28113354878694,
      "8,44": 32.2490309931942,
      "8,45": 46.09772228646444,
      "8,46": 69.85699678629192,
      "8,47": 27.784887978899608,
      "8,48": 18.24828759089466,
      "8,49": 45.45327270945405,
      "8,50": 67.36467917239716,
      "8,1000": 62.496571299506556,
      "8,1001": 62.74807187690134,
      "8,1002": 67.7614703269619,
      "8,1003": 19.126458618483685,
      "8,1004": 13.555480881269439,
      "8,1005": 49.693879892832136,
      "8,1006": 38.22343191507596,
      "8,1007": 40.88511982693453,
      "8,1008": 33.80337390079164,
      "8,1009": 26.331042947973085,
      "8,1010": 39.79273094506323,
      "8,1011": 32.69010575253183,
      "8,1012": 57.61324717609385,
      "8,1013": 27.41746538845223,
      "8,1014": 48.26568285112505,
      "8,1015": 37.93344301096108,
      "8,1016": 45.04871198032774,
      "8,1017": 20.022372798730753,
      "8,1018": 76.78946682185239,
      "8,1019": 30.945446972049357,
      "9,1": 20.591260281974,
      "9,2": 64.07807737440318,
      "9,3": 46.647615158762406,
      "9,4": 33.61547262794322,
      "9,5": 77.10382610480494,
      "9,6": 23.345235059857504,
      "9,7": 43.08131845707603,
      "9,8": 54.48853090330111,
      "9,9": 0.0,
      "9,10": 63.12685640834652,
      "9,11": 77.82673062643708,
      "9,12": 26.076809620810597,
      "9,13": 56.859475903318,
      "9,14": 29.832867780352597,
      "9,15": 49.8196748283246,
      "9,16": 46.14108798023731,
      "9,17": 15.0,
      "9,18": 73.40980860893181,
      "9,19": 48.91829923454004,
      "9,20": 54.70831746635972,
      "9,21": 28.0,
      "9,22": 36.05551275463989,
      "9,23": 5.0,
      "9,24": 23.769728648009426,
      "9,25": 41.72529209005013,
      "9,26": 77.89736837660179,
      "9,27": 69.46221994724903,
      "9,28": 48.82622246293481,
      "9,29": 52.49761899362675,
      "9,30": 22.627416997969522,
      "9,31": 70.68238818828917,
      "9,32": 4.0,
      "9,33": 24.351591323771842,
      "9,34": 65.11528238439882,
      "9,35": 66.70832032063167,
      "9,36": 5.385164807134504,
      "9,37": 42.1070065428546,
      "9,38": 50.99019513592785,
      "9,39": 48.877397639399746,
      "9,40": 23.021728866442675,
      "9,41": 46.95742752749558,
      "9,42": 18.35755975068582,
      "9,43": 22.0,
      "9,44": 44.28317965096906,
      "9,45": 56.0357029044876,
      "9,46": 29.546573405388315,
      "9,47": 29.068883707497267,
      "9,48": 45.65084884205331,
      "9,49": 66.18912297349165,
      "9,50": 55.758407437802596,
      "9,1000": 46.73565386292391,
      "9,1001": 13.428868339507721,
      "9,1002": 53.27098129087449,
      "9,1003": 57.210970266711236,
      "9,1004": 40.9331786490415,
      "9,1005": 8.488829054637556,
      "9,1006": 23.926160106583193,
      "9,1007": 32.727454597497484,
      "9,1008": 82.2128735345836,
      "9,1009": 69.30706641055062,
      "9,1010": 25.91353391597343,
      "9,1011": 37.60648691446865,
      "9,1012": 43.0136762191338,
      "9,1013": 27.079111448714713,
      "9,1014": 10.60849003717669,
      "9,1015": 40.25919180779533,
      "9,1016": 34.00793293971824,
      "9,1017": 44.91449492287629,
      "9,1018": 40.15390996826394,
      "9,1019": 70.22732072205979,
      "10,1": 44.41846462902562,
      "10,2": 19.4164878389476,
      "10,3": 72.00694410957877,
      "10,4": 33.24154027718932,
      "10,5": 16.1245154965971,
      "10,6": 47.53945729601885,
      "10,7": 64.00781202322104,
      "10,8": 11.045361017187261,
      "10,9": 63.12685640834652,
      "10,10": 0.0,
      "10,11": 21.587033144922902,
      "10,12": 44.77722635447622,
      "10,13": 17.08800749063506,
      "10,14": 33.301651610693426,
      "10,15": 32.01562118716424,
      "10,16": 71.00704190430693,
      "10,17": 54.589376255824725,
      "10,18": 21.95449840010015,
      "10,19": 14.212670403551895,
      "10,20": 76.23647421018367,
      "10,21": 45.617978911828175,
      "10,22": 36.6742416417845,
      "10,23": 58.137767414994535,
      "10,24": 45.69463863518345,
      "10,25": 21.95449840010015,
      "10,26": 20.223748416156685,
      "10,27": 39.11521443121589,
      "10,28": 20.024984394500787,
      "10,29": 10.63014581273465,
      "10,30": 68.70953354520753,
      "10,31": 19.4164878389476,
      "10,32": 60.14149981501958,
      "10,33": 43.86342439892262,
      "10,34": 33.12099032335839,
      "10,35": 19.1049731745428,
      "10,36": 60.81118318204309,
      "10,37": 45.0111097397076,
      "10,38": 70.178344238091,
      "10,39": 73.00684899377592,
      "10,40": 50.32891812864648,
      "10,41": 20.8806130178211,
      "10,42": 45.254833995939045,
      "10,43": 81.12336284942828,
      "10,44": 43.104524124504614,
      "10,45": 43.73785545725808,
      "10,46": 80.4114419718985,
      "10,47": 38.07886552931954,
      "10,48": 20.615528128088304,
      "10,49": 40.24922359499622,
      "10,50": 78.23042886243178,
      "10,1000": 73.5138200902995,
      "10,1001": 72.38330651575514,
      "10,1002": 78.70957876369036,
      "10,1003": 27.926889182337305,
      "10,1004": 22.998108843369785,
      "10,1005": 59.145238205214234,
      "10,1006": 48.75603787806566,
      "10,1007": 51.893628713490614,
      "10,1008": 22.768222387601686,
      "10,1009": 16.915985152320147,
      "10,1010": 45.023773674143925,
      "10,1011": 43.73510305477243,
      "10,1012": 68.64605437769063,
      "10,1013": 36.28453982254246,
      "10,1014": 55.795812196806004,
      "10,1015": 48.93840187522566,
      "10,1016": 48.11386065841775,
      "10,1017": 22.229049051986703,
      "10,1018": 87.61929267267284,
      "10,1019": 22.166086243359615,
      "11,1": 61.68468205316454,
      "11,2": 14.866068747318506,
      "11,3": 93.08598175880189,
      "11,4": 52.46903848937962,
      "11,5": 8.602325267042627,
      "11,6": 66.2872536767062,
      "11,7": 85.09406559801923,
      "11,8": 32.2490309931942,
      "11,9": 77.82673062643708,
      "11,10": 21.587033144922902,
      "11,11": 0.0,
      "11,12": 54.817880294662984,
      "11,13": 38.600518131237564,
      "11,14": 49.040799340956916,
      "11,15": 33.60059523282288,
      "11,16": 92.0869154657707,
      "11,17": 72.12489168102785,
      "11,18": 6.324555320336759,
      "11,19": 32.2490309931942,
      "11,20": 97.62171889492625,
      "11,21": 54.56189146281496,
      "11,22": 57.0350769263968,
      "11,23": 72.89718787443039,
      "11,24": 64.32728814430156,
      "11,25": 40.44749683231337,
      "11,26": 2.23606797749979,
      "11,27": 28.0,
      "11,28": 41.19465984809196,
      "11,29": 29.068883707497267,
      "11,30": 87.32124598286491,
      "11,31": 7.810249675906654,
      "11,32": 74.30343195303969,
      "11,33": 62.369864518050704,
      "11,34": 24.515301344262525,
      "11,35": 12.041594578792296,
      "11,36": 74.43117626371358,
      "11,37": 66.27216610312357,
      "11,38": 91.54780172128658,
      "11,39": 94.19129471453293,
      "11,40": 69.2314957226839,
      "11,41": 30.886890422961002,
      "11,42": 59.481089431852205,
      "11,43": 97.86214794290998,
      "11,44": 64.4980619863884,
      "11,45": 40.162171256046406,
      "11,46": 98.95453501482385,
      "11,47": 56.88585061331157,
      "11,48": 32.202484376209235,
      "11,49": 31.144823004794873,
      "11,50": 99.60923651951158,
      "11,1000": 94.54430033839013,
      "11,1001": 88.8268929878906,
      "11,1002": 99.9541443885711,
      "11,1003": 49.28669744043572,
      "11,1004": 41.664433074609725,
      "11,1005": 75.56583193366546,
      "11,1006": 67.73074977479703,
      "11,1007": 72.2857814770265,
      "11,1008": 6.126629302009253,
      "11,1009": 8.569832882344768,
      "11,1010": 55.0582820643142,
      "11,1011": 64.59622772192398,
      "11,1012": 89.5879206440012,
      "11,1013": 52.89174167325029,
      "11,1014": 68.8177416301058,
      "11,1015": 70.061555133245,
      "11,1016": 54.07792288053616,
      "11,1017": 32.922511460583564,
      "11,1018": 106.98406776910177,
      "11,1019": 10.13178224905604,
      "12,1": 22.627416997969522,
      "12,2": 40.22437072223753,
      "12,3": 62.80127387243033,
      "12,4": 28.460498941515414,
      "12,5": 55.90169943749474,
      "12,6": 30.4138126514911,
      "12,7": 56.639209034025185,
      "12,8": 39.56008088970496,
      "12,9": 26.076809620810597,
      "12,10": 44.77722635447622,
      "12,11": 54.817880294662984,
      "12,12": 0.0,
      "12,13": 45.39823785126467,
      "12,14": 17.26267650163207,
      "12,15": 24.041630560342615,
      "12,16": 62.00806399170998,
      "12,17": 29.068883707497267,
      "12,18": 49.64876634922564,
      "12,19": 31.953090617340916,
      "12,20": 70.2922470831599,
      "12,21": 2.8284271247461903,
      "12,22": 34.92849839314596,
      "12,23": 22.02271554554524,
      "12,24": 29.0,
      "12,25": 28.160255680657446,
      "12,26": 55.31726674375732,
      "12,27": 43.41658669218482,
      "12,28": 38.05259518088089,
      "12,29": 34.92849839314596,
      "12,30": 44.27188724235731,
      "12,31": 47.20169488482379,
      "12,32": 22.090722034374522,
      "12,33": 27.65863337187866,
      "12,34": 39.293765408777,
      "12,35": 43.01162633521314,
      "12,36": 21.37755832643195,
      "12,37": 46.14108798023731,
      "12,38": 65.11528238439882,
      "12,39": 64.81512169239521,
      "12,40": 32.64965543462902,
      "12,41": 24.839484696748443,
      "12,42": 12.206555615733702,
      "12,43": 48.041648597857254,
      "12,44": 46.95742752749558,
      "12,45": 30.265491900843113,
      "12,46": 53.9351462406472,
      "12,47": 27.294688127912362,
      "12,48": 24.413111231467404,
      "12,49": 40.11234224026316,
      "12,50": 71.84010022264724,
      "12,1000": 63.506461438071916,
      "12,1001": 39.21881837339364,
      "12,1002": 70.27306312324431,
      "12,1003": 50.68163408062626,
      "12,1004": 28.13870992473358,
      "12,1005": 28.073505548368235,
      "12,1006": 32.151160723583146,
      "12,1007": 42.278038999916106,
      "12,1008": 59.9365650161615,
      "12,1009": 46.28558974733182,
      "12,1010": 0.24862352024825313,
      "12,1011": 41.41422357933169,
      "12,1012": 58.72587078599601,
      "12,1013": 19.00391082323286,
      "12,1014": 15.586127972549907,
      "12,1015": 46.779330073635144,
      "12,1016": 10.317806716618886,
      "12,1017": 23.042067212229444,
      "12,1018": 64.1236993650982,
      "12,1019": 46.12722925004964,
      "13,1": 36.40054944640259,
      "13,2": 34.828149534535996,
      "13,3": 56.43580423808985,
      "13,4": 23.430749027719962,
      "13,5": 32.2490309931942,
      "13,6": 36.87817782917155,
      "13,7": 48.507731342539614,
      "13,8": 8.602325267042627,
      "13,9": 56.859475903318,
      "13,10": 17.08800749063506,
      "13,11": 38.600518131237564,
      "13,12": 45.39823785126467,
      "13,13": 0.0,
      "13,14": 29.410882339705484,
      "13,15": 41.6293165929973,
      "13,16": 55.44366510251645,
      "13,17": 45.254833995939045,
      "13,18": 38.91015291668744,
      "13,19": 15.811388300841896,
      "13,20": 60.0,
      "13,21": 47.16990566028302,
      "13,22": 23.853720883753127,
      "13,23": 52.15361924162119,
      "13,24": 35.38361202590826,
      "13,25": 17.26267650163207,
      "13,26": 37.107950630558946,
      "13,27": 53.75872022286245,
      "13,28": 8.06225774829855,
      "13,29": 15.264337522473747,
      "13,30": 57.14017850864661,
      "13,31": 36.235341863986875,
      "13,32": 54.70831746635972,
      "13,33": 33.94112549695428,
      "13,34": 47.4236228055175,
      "13,35": 35.22782990761707,
      "13,36": 55.94640292279746,
      "13,37": 29.427877939124322,
      "13,38": 54.00925846556311,
      "13,39": 57.21887800367987,
      "13,40": 39.20459156782532,
      "13,41": 27.85677655436824,
      "13,42": 41.23105625617661,
      "13,43": 71.58910531638176,
      "13,44": 27.16615541441225,
      "13,45": 54.56189146281496,
      "13,46": 68.60029154456998,
      "13,47": 28.319604517012593,
      "13,48": 26.248809496813376,
      "13,49": 54.037024344425184,
      "13,50": 62.0,
      "13,1000": 58.02160019143886,
      "13,1001": 63.5286356171544,
      "13,1002": 62.762483869434476,
      "13,1003": 10.94089773994768,
      "13,1004": 17.440069043426803,
      "13,1005": 51.01706793305762,
      "13,1006": 37.62281123521408,
      "13,1007": 38.04689821332806,
      "13,1008": 39.08952407681523,
      "13,1009": 33.731831402475215,
      "13,1010": 45.61529509456326,
      "13,1011": 29.222861905941244,
      "13,1012": 53.37337189278019,
      "13,1013": 30.482707978066255,
      "13,1014": 52.012198937712604,
      "13,1015": 33.61759019579797,
      "13,1016": 51.950144642847945,
      "13,1017": 27.979864346390027,
      "13,1018": 74.54860544240043,
      "13,1019": 38.692498725398906,
      "14,1": 13.038404810405298,
      "14,2": 36.49657518178932,
      "14,3": 51.478150704935004,
      "14,4": 11.661903789690601,
      "14,5": 47.50789408087881,
      "14,6": 19.4164878389476,
      "14,7": 44.294469180700204,
      "14,8": 25.238858928247925,
      "14,9": 29.832867780352597,
      "14,10": 33.301651610693426,
      "14,11": 49.040799340956916,
      "14,12": 17.26267650163207,
      "14,13": 29.410882339705484,
      "14,14": 0.0,
      "14,15": 27.85677655436824,
      "14,16": 50.566787519082126,
      "14,17": 23.345235059857504,
      "14,18": 45.35416188179427,
      "14,19": 19.1049731745428,
      "14,20": 58.180752831155424,
      "14,21": 19.6468827043885,
      "14,22": 18.601075237738275,
      "14,23": 24.839484696748443,
      "14,24": 17.46424919657298,
      "14,25": 12.529964086141668,
      "14,26": 48.84669896727925,
      "14,27": 47.29693436154187,
      "14,28": 21.587033144922902,
      "14,29": 22.67156809750927,
      "14,30": 39.11521443121589,
      "14,31": 42.44997055358225,
      "14,32": 26.870057685088806,
      "14,33": 15.524174696260024,
      "14,34": 41.593268686170845,
      "14,35": 38.8329756778952,
      "14,36": 27.65863337187866,
      "14,37": 30.479501308256342,
      "14,38": 52.478567053607705,
      "14,39": 53.225933528685054,
      "14,40": 22.360679774997898,
      "14,41": 19.1049731745428,
      "14,42": 12.206555615733702,
      "14,43": 48.84669896727925,
      "14,44": 30.805843601498726,
      "14,45": 39.11521443121589,
      "14,46": 50.48762224545735,
      "14,47": 12.206555615733702,
      "14,48": 17.26267650163207,
      "14,49": 45.221676218380054,
      "14,50": 59.941638282582836,
      "14,1000": 52.519373846268465,
      "14,1001": 39.85012541720094,
      "14,1002": 59.019781427716254,
      "14,1003": 33.568784021128096,
      "14,1004": 12.061750768691384,
      "14,1005": 26.553363177816852,
