{
  "metadata": {
    "source": "Mankowska HCSRP",
    "seed": 1,
    "sigma": 0.15
  },
  "parameters": {
    "p": 5
  },
  "sets": {
    "customers": [
      1,
      2,
      3,
      4,
      5,
      6,
      7,
      8,
      9,
      10,
      11,
      12,
      13,
      14,
      15,
      16,
      17,
      18,
      19,
      20,
      21,
      22,
      23,
      24,
      25
    ],
    "facilities": [
      1000,
      1001,
      1002,
      1003,
      1004,
      1005,
      1006,
      1007,
      1008,
      1009
    ],
    "vehicles": [
      0,
      1,
      2,
      3,
      4
    ]
  },
  "coordinates": {
    "customers": {
      "1": {
        "x": 74.0,
        "y": 5.0
      },
      "2": {
        "x": 6.0,
        "y": 12.0
      },
      "3": {
        "x": 54.0,
        "y": 37.0
      },
      "4": {
        "x": 22.0,
        "y": 3.0
      },
      "5": {
        "x": 31.0,
        "y": 12.0
      },
      "6": {
        "x": 47.0,
        "y": 9.0
      },
      "7": {
        "x": 28.0,
        "y": 0.0
      },
      "8": {
        "x": 78.0,
        "y": 47.0
      },
      "9": {
        "x": 17.0,
        "y": 31.0
      },
      "10": {
        "x": 8.0,
        "y": 49.0
      },
      "11": {
        "x": 8.0,
        "y": 1.0
      },
      "12": {
        "x": 61.0,
        "y": 7.0
      },
      "13": {
        "x": 80.0,
        "y": 26.0
      },
      "14": {
        "x": 15.0,
        "y": 48.0
      },
      "15": {
        "x": 89.0,
        "y": 15.0
      },
      "16": {
        "x": 57.0,
        "y": 33.0
      },
      "17": {
        "x": 7.0,
        "y": 47.0
      },
      "18": {
        "x": 46.0,
        "y": 44.0
      },
      "19": {
        "x": 69.0,
        "y": 18.0
      },
      "20": {
        "x": 84.0,
        "y": 49.0
      },
      "21": {
        "x": 70.0,
        "y": 36.0
      },
      "22": {
        "x": 41.0,
        "y": 8.0
      },
      "23": {
        "x": 52.0,
        "y": 30.0
      },
      "24": {
        "x": 53.0,
        "y": 5.0
      },
      "25": {
        "x": 0.0,
        "y": 0.0
      }
    },
    "facilities": {
      "1000": {
        "x": 28.715302078397393,
        "y": 1.655341358101067
      },
      "1001": {
        "x": 46.24560164915884,
        "y": -1.9578789329777866
      },
      "1002": {
        "x": 82.90774388109602,
        "y": 53.430800646815655
      },
      "1003": {
        "x": 22.575244425409053,
        "y": 8.905413911078448
      },
      "1004": {
        "x": 88.02854915222967,
        "y": 16.61179966067107
      },
      "1005": {
        "x": 51.50891721986922,
        "y": 7.828249455869932
      },
      "1006": {
        "x": 15.782983255570212,
        "y": 44.62408475376425
      },
      "1007": {
        "x": 78.33198794261227,
        "y": 47.442331511654345
      },
      "1008": {
        "x": 44.580815751497354,
        "y": 31.4338333254607
      },
      "1009": {
        "x": 72.75775187301144,
        "y": 4.916244827637012
      }
    }
  },
  "time_windows": {
    "e": {
      "1": 287.0,
      "2": 172.0,
      "3": 194.0,
      "4": 464.0,
      "5": 426.0,
      "6": 5.0,
      "7": 334.0,
      "8": 131.0,
      "9": 122.0,
      "10": 201.0,
      "11": 71.0,
      "12": 183.0,
      "13": 427.0,
      "14": 0.0,
      "15": 68.0,
      "16": 10.0,
      "17": 138.0,
      "18": 295.0,
      "19": 257.0,
      "20": 177.0,
      "21": 228.0,
      "22": 125.0,
      "23": 168.0,
      "24": 476.0,
      "25": 361.0
    },
    "l": {
      "1": 407.0,
      "2": 292.0,
      "3": 314.0,
      "4": 584.0,
      "5": 546.0,
      "6": 125.0,
      "7": 454.0,
      "8": 251.0,
      "9": 242.0,
      "10": 321.0,
      "11": 191.0,
      "12": 303.0,
      "13": 547.0,
      "14": 120.0,
      "15": 188.0,
      "16": 130.0,
      "17": 258.0,
      "18": 415.0,
      "19": 377.0,
      "20": 297.0,
      "21": 348.0,
      "22": 245.0,
      "23": 288.0,
      "24": 596.0,
      "25": 481.0
    }
  },
  "travel_time": {
    "matrix": {
      "1,1": 0.0,
      "1,2": 68.3593446428504,
      "1,3": 37.73592452822641,
      "1,4": 52.03844732503075,
      "1,5": 43.56604182158393,
      "1,6": 27.294688127912362,
      "1,7": 46.2709412050371,
      "1,8": 42.190046219457976,
      "1,9": 62.64982043070834,
      "1,10": 79.32212806020776,
      "1,11": 66.12110101926616,
      "1,12": 13.152946437965905,
      "1,13": 21.840329667841555,
      "1,14": 73.00684899377592,
      "1,15": 18.027756377319946,
      "1,16": 32.7566787083184,
      "1,17": 79.07591289387686,
      "1,18": 48.010415536631214,
      "1,19": 13.92838827718412,
      "1,20": 45.12205669071391,
      "1,21": 31.25699921617557,
      "1,22": 33.13608305156178,
      "1,23": 33.301651610693426,
      "1,24": 21.0,
      "1,25": 74.16872656315464,
      "1,1000": 45.40804562279276,
      "1,1001": 28.613261035106614,
      "1,1002": 49.24317569311309,
      "1,1003": 51.57283920556699,
      "1,1004": 18.21082322895054,
      "1,1005": 22.66821121322377,
      "1,1006": 70.42222043641276,
      "1,1007": 42.662836563924174,
      "1,1008": 39.5504228311858,
      "1,1009": 1.24506840691752,
      "2,1": 68.3593446428504,
      "2,2": 0.0,
      "2,3": 54.120236510939236,
      "2,4": 18.35755975068582,
      "2,5": 25.0,
      "2,6": 41.10960958218893,
      "2,7": 25.059928172283335,
      "2,8": 80.05623023850174,
      "2,9": 21.95449840010015,
      "2,10": 37.05401462729781,
      "2,11": 11.180339887498949,
      "2,12": 55.226805085936306,
      "2,13": 75.31268153505093,
      "2,14": 37.107950630558946,
      "2,15": 83.05419917138447,
      "2,16": 55.154328932550705,
      "2,17": 35.014282800023196,
      "2,18": 51.22499389946279,
      "2,19": 63.28506932918696,
      "2,20": 86.33075929238663,
      "2,21": 68.35202996254024,
      "2,22": 35.22782990761707,
      "2,23": 49.39635614091387,
      "2,24": 47.51841748206689,
      "2,25": 13.416407864998739,
      "2,1000": 24.95990606813774,
      "2,1001": 42.597310201589515,
      "2,1002": 87.357382693831,
      "2,1003": 16.861648520349387,
      "2,1004": 82.15808890261461,
      "2,1005": 45.69972701370719,
      "2,1006": 34.059325703829785,
      "2,1007": 80.54858994862799,
      "2,1008": 43.19899561069416,
      "2,1009": 67.13253326428656,
      "3,1": 37.73592452822641,
      "3,2": 54.120236510939236,
      "3,3": 0.0,
      "3,4": 46.69047011971501,
      "3,5": 33.97057550292606,
      "3,6": 28.861739379323623,
      "3,7": 45.221676218380054,
      "3,8": 26.0,
      "3,9": 37.48332962798263,
      "3,10": 47.53945729601885,
      "3,11": 58.412327466040935,
      "3,12": 30.805843601498726,
      "3,13": 28.231188426986208,
      "3,14": 40.52159917870962,
      "3,15": 41.340053217188775,
      "3,16": 5.0,
      "3,17": 48.05205510693585,
      "3,18": 10.63014581273465,
      "3,19": 24.20743687382041,
      "3,20": 32.31098884280702,
      "3,21": 16.0312195418814,
      "3,22": 31.78049716414141,
      "3,23": 7.280109889280518,
      "3,24": 32.01562118716424,
      "3,25": 65.45991139621256,
      "3,1000": 43.457575214213875,
      "3,1001": 39.72212261121103,
      "3,1002": 33.25099797284951,
      "3,1003": 42.15235498083837,
      "3,1004": 39.668890461951705,
      "3,1005": 29.27791869697054,
      "3,1006": 38.97007874224283,
      "3,1007": 26.47806497157068,
      "3,1008": 10.94089773994768,
      "3,1009": 37.16477635193831,
      "4,1": 52.03844732503075,
      "4,2": 18.35755975068582,
      "4,3": 46.69047011971501,
      "4,4": 0.0,
      "4,5": 12.727922061357855,
      "4,6": 25.709920264364882,
      "4,7": 6.708203932499369,
      "4,8": 71.21797525905943,
      "4,9": 28.442925306655784,
      "4,10": 48.08326112068523,
      "4,11": 14.142135623730951,
      "4,12": 39.20459156782532,
      "4,13": 62.39390995922599,
      "4,14": 45.5411901469428,
      "4,15": 68.06614430096654,
      "4,16": 46.09772228646444,
      "4,17": 46.486557196677836,
      "4,18": 47.50789408087881,
      "4,19": 49.33558553417604,
      "4,20": 77.20103626247513,
      "4,21": 58.249463516842795,
      "4,22": 19.6468827043885,
      "4,23": 40.36087214122113,
      "4,24": 31.064449134018133,
      "4,25": 22.20360331117452,
      "4,1000": 6.848604884745639,
      "4,1001": 24.747318296004497,
      "4,1002": 79.07603251658529,
      "4,1003": 5.93336494833438,
      "4,1004": 67.41698890599204,
      "4,1005": 29.901307468022235,
      "4,1006": 42.08581386630262,
      "4,1007": 71.75244731546374,
      "4,1008": 36.30944942550287,
      "4,1009": 50.79391075160134,
      "5,1": 43.56604182158393,
      "5,2": 25.0,
      "5,3": 33.97057550292606,
      "5,4": 12.727922061357855,
      "5,5": 0.0,
      "5,6": 16.278820596099706,
      "5,7": 12.36931687685298,
      "5,8": 58.60034129593445,
      "5,9": 23.600847442411894,
      "5,10": 43.56604182158393,
      "5,11": 25.495097567963924,
      "5,12": 30.4138126514911,
      "5,13": 50.96076922496363,
      "5,14": 39.395431207184416,
      "5,15": 58.077534382926416,
      "5,16": 33.421549934136806,
      "5,17": 42.43819034784589,
      "5,18": 35.34119409414458,
      "5,19": 38.47076812334269,
      "5,20": 64.63745044476924,
      "5,21": 45.79301256742124,
      "5,22": 10.770329614269007,
      "5,23": 27.65863337187866,
      "5,24": 23.08679276123039,
      "5,25": 33.24154027718932,
      "5,1000": 10.593951435153436,
      "5,1001": 20.670044846407563,
      "5,1002": 66.414795919747,
      "5,1003": 8.975130614834974,
      "5,1004": 57.21471938687143,
      "5,1005": 20.928907953686874,
      "5,1006": 35.99845141976318,
      "5,1007": 59.131006634265916,
      "5,1008": 23.70891043886044,
      "5,1009": 42.35433187797879,
      "6,1": 27.294688127912362,
      "6,2": 41.10960958218893,
      "6,3": 28.861739379323623,
      "6,4": 25.709920264364882,
      "6,5": 16.278820596099706,
      "6,6": 0.0,
      "6,7": 21.02379604162864,
      "6,8": 49.040799340956916,
      "6,9": 37.20215047547655,
      "6,10": 55.86591089385369,
      "6,11": 39.81205847478876,
      "6,12": 14.142135623730951,
      "6,13": 37.12142238654117,
      "6,14": 50.44799302251776,
      "6,15": 42.42640687119285,
      "6,16": 26.0,
      "6,17": 55.17245689653489,
      "6,18": 35.014282800023196,
      "6,19": 23.769728648009426,
      "6,20": 54.48853090330111,
      "6,21": 35.4682957019364,
      "6,22": 6.082762530298219,
      "6,23": 21.587033144922902,
      "6,24": 7.211102550927978,
      "6,25": 47.853944456021594,
      "6,1000": 19.704674284298115,
      "6,1001": 10.983816621810028,
      "6,1002": 57.12671981435188,
      "6,1003": 24.424938718586972,
      "6,1004": 41.7286632856975,
      "6,1005": 4.658683701787692,
      "6,1006": 47.366417945263585,
      "6,1007": 49.593410051013166,
      "6,1008": 22.56389439132249,
      "6,1009": 26.079471579374953,
      "7,1": 46.2709412050371,
      "7,2": 25.059928172283335,
      "7,3": 45.221676218380054,
      "7,4": 6.708203932499369,
      "7,5": 12.36931687685298,
      "7,6": 21.02379604162864,
      "7,7": 0.0,
      "7,8": 68.62215385719105,
      "7,9": 32.89376840679705,
      "7,10": 52.92447448959697,
      "7,11": 20.024984394500787,
      "7,12": 33.734255586866,
      "7,13": 58.137767414994535,
      "7,14": 49.72926703662542,
      "7,15": 62.81719509815764,
      "7,16": 43.93176527297759,
      "7,17": 51.478150704935004,
      "7,18": 47.53945729601885,
      "7,19": 44.77722635447622,
      "7,20": 74.41102068914255,
      "7,21": 55.31726674375732,
      "7,22": 15.264337522473747,
      "7,23": 38.41874542459709,
      "7,24": 25.495097567963924,
      "7,25": 28.0,
      "7,1000": 1.80327814693117,
      "7,1001": 18.350347938281338,
      "7,1002": 76.61403785124365,
      "7,1003": 10.427577377880496,
      "7,1004": 62.28465783230992,
      "7,1005": 24.77802813772701,
      "7,1006": 46.26623432099065,
      "7,1007": 69.16707185877524,
      "7,1008": 35.53884253205141,
      "7,1009": 45.02694544304918,
      "8,1": 42.190046219457976,
      "8,2": 80.05623023850174,
      "8,3": 26.0,
      "8,4": 71.21797525905943,
      "8,5": 58.60034129593445,
      "8,6": 49.040799340956916,
      "8,7": 68.62215385719105,
      "8,8": 0.0,
      "8,9": 63.06346010171025,
      "8,10": 70.02856560004639,
      "8,11": 83.7615663654877,
      "8,12": 43.46262762420146,
      "8,13": 21.095023109728988,
      "8,14": 63.00793600809346,
      "8,15": 33.83784863137726,
      "8,16": 25.238858928247925,
      "8,17": 71.0,
      "8,18": 32.14031735997639,
      "8,19": 30.364452901377952,
      "8,20": 6.324555320336759,
      "8,21": 13.601470508735444,
      "8,22": 53.75872022286245,
      "8,23": 31.064449134018133,
      "8,24": 48.877397639399746,
      "8,25": 91.0659101969557,
      "8,1000": 66.97103490744308,
      "8,1001": 58.35422627573785,
      "8,1002": 8.08957025814846,
      "8,1003": 67.25400374542326,
      "8,1004": 32.00022684235031,
      "8,1005": 47.288513484305,
      "8,1006": 62.262365405065935,
      "8,1007": 0.553058008026597,
      "8,1008": 36.86661661686498,
      "8,1009": 42.40900393586606,
      "9,1": 62.64982043070834,
      "9,2": 21.95449840010015,
      "9,3": 37.48332962798263,
      "9,4": 28.442925306655784,
      "9,5": 23.600847442411894,
      "9,6": 37.20215047547655,
      "9,7": 32.89376840679705,
      "9,8": 63.06346010171025,
      "9,9": 0.0,
      "9,10": 20.12461179749811,
      "9,11": 31.32091952673165,
      "9,12": 50.11985634456667,
      "9,13": 63.198101237299845,
      "9,14": 17.11724276862369,
      "9,15": 73.7563556583431,
      "9,16": 40.049968789001575,
      "9,17": 18.867962264113206,
      "9,18": 31.78049716414141,
      "9,19": 53.600373133029585,
      "9,20": 69.3757882838098,
      "9,21": 53.23532661682466,
      "9,22": 33.24154027718932,
      "9,23": 35.014282800023196,
      "9,24": 44.40720662234904,
      "9,25": 35.35533905932738,
      "9,1000": 31.596792457426368,
      "9,1001": 44.062762051216254,
      "9,1002": 69.62019477962797,
      "9,1003": 22.787147360822075,
      "9,1004": 72.47120189203,
      "9,1005": 41.56675824462594,
      "9,1006": 13.678333785003712,
      "9,1007": 63.497740200198294,
      "9,1008": 27.584227538075538,
      "9,1009": 61.55720248536384,
      "10,1": 79.32212806020776,
      "10,2": 37.05401462729781,
      "10,3": 47.53945729601885,
      "10,4": 48.08326112068523,
      "10,5": 43.56604182158393,
      "10,6": 55.86591089385369,
      "10,7": 52.92447448959697,
      "10,8": 70.02856560004639,
      "10,9": 20.12461179749811,
      "10,10": 0.0,
      "10,11": 48.0,
      "10,12": 67.62396025078685,
      "10,13": 75.58438992278762,
      "10,14": 7.0710678118654755,
      "10,15": 87.84645695758026,
      "10,16": 51.54609587543949,
      "10,17": 2.23606797749979,
      "10,18": 38.3275357934736,
      "10,19": 68.42514157822401,
      "10,20": 76.0,
      "10,21": 63.34824385884742,
      "10,22": 52.630789467763066,
      "10,23": 47.92702786528704,
      "10,24": 62.93647591023825,
      "10,25": 49.64876634922564,
      "10,1000": 51.67823954158259,
      "10,1001": 63.713667849639315,
      "10,1002": 75.03867061540804,
      "10,1003": 42.66161721855325,
      "10,1004": 86.33402689919744,
      "10,1005": 59.90107612149808,
      "10,1006": 8.928799616898386,
      "10,1007": 70.34923495731381,
      "10,1008": 40.57987546411019,
      "10,1009": 78.33864881234139,
      "11,1": 66.12110101926616,
      "11,2": 11.180339887498949,
      "11,3": 58.412327466040935,
      "11,4": 14.142135623730951,
      "11,5": 25.495097567963924,
      "11,6": 39.81205847478876,
      "11,7": 20.024984394500787,
      "11,8": 83.7615663654877,
      "11,9": 31.32091952673165,
      "11,10": 48.0,
      "11,11": 0.0,
      "11,12": 53.33854141237835,
      "11,13": 76.21679604916491,
      "11,14": 47.51841748206689,
      "11,15": 82.20097323024831,
      "11,16": 58.52349955359813,
      "11,17": 46.010868281309364,
      "11,18": 57.38466694161429,
      "11,19": 63.324560795950255,
      "11,20": 89.88882021697692,
      "11,21": 71.19691004531025,
      "11,22": 33.734255586866,
      "11,23": 52.69724850502159,
      "11,24": 45.17742799230607,
      "11,25": 8.06225774829855,
      "11,1000": 20.725665550107024,
      "11,1001": 38.359810913093604,
      "11,1002": 91.43390481556611,
      "11,1003": 16.581113327092677,
      "11,1004": 81.53708952406733,
      "11,1005": 44.041467599036935,
      "11,1006": 44.3129281244209,
      "11,1007": 84.28213739694883,
      "11,1008": 47.585442016723135,
      "11,1009": 64.87606185024266,
      "12,1": 13.152946437965905,
      "12,2": 55.226805085936306,
      "12,3": 30.805843601498726,
      "12,4": 39.20459156782532,
      "12,5": 30.4138126514911,
      "12,6": 14.142135623730951,
      "12,7": 33.734255586866,
      "12,8": 43.46262762420146,
      "12,9": 50.11985634456667,
      "12,10": 67.62396025078685,
      "12,11": 53.33854141237835,
      "12,12": 0.0,
      "12,13": 26.870057685088806,
      "12,14": 61.61980201201558,
      "12,15": 29.120439557122072,
      "12,16": 26.30589287593181,
      "12,17": 67.20119046564577,
      "12,18": 39.92492955535426,
      "12,19": 13.601470508735444,
      "12,20": 47.885279575251516,
      "12,21": 30.364452901377952,
      "12,22": 20.024984394500787,
      "12,23": 24.698178070456937,
      "12,24": 8.246211251235321,
      "12,25": 61.40032573203501,
      "12,1000": 32.724105730906636,
      "12,1001": 17.26081880077511,
      "12,1002": 51.339735981635485,
      "12,1003": 38.471969577077665,
      "12,1004": 28.686741920116546,
      "12,1005": 9.527153273693244,
      "12,1006": 58.82304273687718,
      "12,1007": 43.999772546473544,
      "12,1008": 29.43810154141519,
      "12,1009": 11.940970007736123,
      "13,1": 21.840329667841555,
      "13,2": 75.31268153505093,
      "13,3": 28.231188426986208,
      "13,4": 62.39390995922599,
      "13,5": 50.96076922496363,
      "13,6": 37.12142238654117,
      "13,7": 58.137767414994535,
      "13,8": 21.095023109728988,
      "13,9": 63.198101237299845,
      "13,10": 75.58438992278762,
      "13,11": 76.21679604916491,
      "13,12": 26.870057685088806,
      "13,13": 0.0,
      "13,14": 68.62215385719105,
      "13,15": 14.212670403551895,
      "13,16": 24.041630560342615,
      "13,17": 75.96051605933177,
      "13,18": 38.47076812334269,
      "13,19": 13.601470508735444,
      "13,20": 23.345235059857504,
      "13,21": 14.142135623730951,
      "13,22": 42.95346318982906,
      "13,23": 28.284271247461902,
      "13,24": 34.20526275297414,
      "13,25": 84.11896337925236,
      "13,1000": 56.769557381580974,
      "13,1001": 43.82924140865675,
      "13,1002": 27.58448474420709,
      "13,1003": 59.91516858319823,
      "13,1004": 12.35297158991081,
      "13,1005": 33.792814559050214,
      "13,1006": 66.86315706328688,
      "13,1007": 21.507111495486225,
      "13,1008": 35.83357583940326,
      "13,1009": 22.292933636042886,
      "14,1": 73.00684899377592,
      "14,2": 37.107950630558946,
      "14,3": 40.52159917870962,
      "14,4": 45.5411901469428,
      "14,5": 39.395431207184416,
      "14,6": 50.44799302251776,
      "14,7": 49.72926703662542,
      "14,8": 63.00793600809346,
      "14,9": 17.11724276862369,
      "14,10": 7.0710678118654755,
      "14,11": 47.51841748206689,
      "14,12": 61.61980201201558,
      "14,13": 68.62215385719105,
      "14,14": 0.0,
      "14,15": 81.02468759581859,
      "14,16": 44.598206241955516,
      "14,17": 8.06225774829855,
      "14,18": 31.25699921617557,
      "14,19": 61.773780845922005,
      "14,20": 69.00724599634447,
      "14,21": 56.293871780150276,
      "14,22": 47.70744176750625,
      "14,23": 41.14608122288197,
      "14,24": 57.38466694161429,
      "14,25": 50.28916384272063,
      "14,1000": 48.33153107171165,
      "14,1001": 58.924335294511245,
      "14,1002": 68.12455706047554,
      "14,1003": 39.821740162489,
      "14,1004": 79.48828914891472,
      "14,1005": 54.28324399247965,
      "14,1006": 3.465525433216485,
      "14,1007": 63.33444316409579,
      "14,1008": 33.90372455664201,
      "14,1009": 72.0566989333849,
      "15,1": 18.027756377319946,
      "15,2": 83.05419917138447,
      "15,3": 41.340053217188775,
      "15,4": 68.06614430096654,
      "15,5": 58.077534382926416,
      "15,6": 42.42640687119285,
      "15,7": 62.81719509815764,
      "15,8": 33.83784863137726,
      "15,9": 73.7563556583431,
      "15,10": 87.84645695758026,
      "15,11": 82.20097323024831,
      "15,12": 29.120439557122072,
      "15,13": 14.212670403551895,
      "15,14": 81.02468759581859,
      "15,15": 0.0,
      "15,16": 36.71511950137164,
      "15,17": 88.02272433866155,
      "15,18": 51.86520991955976,
      "15,19": 20.223748416156685,
      "15,20": 34.36568055487916,
      "15,21": 28.319604517012593,
      "15,22": 48.507731342539614,
      "15,23": 39.92492955535426,
      "15,24": 37.36308338453881,
      "15,25": 90.2551937563706,
      "15,1000": 61.74402576579928,
      "15,1001": 45.99465443122647,
      "15,1002": 38.910692913049104,
      "15,1003": 66.70376400728394,
      "15,1004": 1.881917877000234,
      "15,1005": 38.17086970313682,
      "15,1006": 78.98302310276759,
      "15,1007": 34.15130092937384,
      "15,1008": 47.36174413037856,
      "15,1009": 19.117864488347557,
      "16,1": 32.7566787083184,
      "16,2": 55.154328932550705,
      "16,3": 5.0,
      "16,4": 46.09772228646444,
      "16,5": 33.421549934136806,
      "16,6": 26.0,
      "16,7": 43.93176527297759,
      "16,8": 25.238858928247925,
      "16,9": 40.049968789001575,
      "16,10": 51.54609587543949,
      "16,11": 58.52349955359813,
      "16,12": 26.30589287593181,
      "16,13": 24.041630560342615,
      "16,14": 44.598206241955516,
      "16,15": 36.71511950137164,
      "16,16": 0.0,
      "16,17": 51.92301994298868,
      "16,18": 15.556349186104045,
      "16,19": 19.209372712298546,
      "16,20": 31.38470965295043,
      "16,21": 13.341664064126334,
      "16,22": 29.68164415931166,
      "16,23": 5.830951894845301,
      "16,24": 28.284271247461902,
      "16,25": 65.86349520030045,
      "16,1000": 42.21980295896086,
      "16,1001": 36.5747232850955,
      "16,1002": 32.99437540064051,
      "16,1003": 42.01919650786748,
      "16,1004": 35.09051115122596,
      "16,1005": 25.763715096122322,
      "16,1006": 42.82478039258695,
      "16,1007": 25.761107295228584,
      "16,1008": 12.517548300313992,
      "16,1009": 32.20254723888501,
      "17,1": 79.07591289387686,
      "17,2": 35.014282800023196,
      "17,3": 48.05205510693585,
      "17,4": 46.486557196677836,
      "17,5": 42.43819034784589,
      "17,6": 55.17245689653489,
      "17,7": 51.478150704935004,
      "17,8": 71.0,
      "17,9": 18.867962264113206,
      "17,10": 2.23606797749979,
      "17,11": 46.010868281309364,
      "17,12": 67.20119046564577,
      "17,13": 75.96051605933177,
      "17,14": 8.06225774829855,
      "17,15": 88.02272433866155,
      "17,16": 51.92301994298868,
      "17,17": 0.0,
      "17,18": 39.11521443121589,
      "17,19": 68.4470598345904,
      "17,20": 77.02596964660685,
      "17,21": 63.953107821277925,
      "17,22": 51.73973328110612,
      "17,23": 48.104053883222775,
      "17,24": 62.289646009589745,
      "17,25": 47.51841748206689,
      "17,1000": 50.27616146551355,
      "17,1001": 62.74624417780374,
      "17,1002": 76.17966118379076,
      "17,1003": 41.155628147283714,
      "17,1004": 86.53940430566004,
      "17,1005": 59.29139695416802,
      "17,1006": 9.098668480877969,
      "17,1007": 71.33335938403003,
      "17,1008": 40.67706058071956,
      "17,1009": 78.07127756608014,
      "18,1": 48.010415536631214,
      "18,2": 51.22499389946279,
      "18,3": 10.63014581273465,
      "18,4": 47.50789408087881,
      "18,5": 35.34119409414458,
      "18,6": 35.014282800023196,
      "18,7": 47.53945729601885,
      "18,8": 32.14031735997639,
      "18,9": 31.78049716414141,
      "18,10": 38.3275357934736,
      "18,11": 57.38466694161429,
      "18,12": 39.92492955535426,
      "18,13": 38.47076812334269,
      "18,14": 31.25699921617557,
      "18,15": 51.86520991955976,
      "18,16": 15.556349186104045,
      "18,17": 39.11521443121589,
      "18,18": 0.0,
      "18,19": 34.713109915419565,
      "18,20": 38.3275357934736,
      "18,21": 25.298221281347036,
      "18,22": 36.345563690772494,
      "18,23": 15.231546211727817,
      "18,24": 39.6232255123179,
      "18,25": 63.655321851358195,
      "18,1000": 45.73653788537125,
      "18,1001": 45.95853518323134,
      "18,1002": 38.0935894768734,
      "18,1003": 42.194183799216404,
      "18,1004": 50.16485285205771,
      "18,1005": 36.58884674818469,
      "18,1006": 30.22346079973356,
      "18,1007": 32.51472113608471,
      "18,1008": 12.64605190656357,
      "18,1009": 47.36578093593367,
      "19,1": 13.92838827718412,
      "19,2": 63.28506932918696,
      "19,3": 24.20743687382041,
      "19,4": 49.33558553417604,
      "19,5": 38.47076812334269,
      "19,6": 23.769728648009426,
      "19,7": 44.77722635447622,
      "19,8": 30.364452901377952,
      "19,9": 53.600373133029585,
      "19,10": 68.42514157822401,
      "19,11": 63.324560795950255,
      "19,12": 13.601470508735444,
      "19,13": 13.601470508735444,
      "19,14": 61.773780845922005,
      "19,15": 20.223748416156685,
      "19,16": 19.209372712298546,
      "19,17": 68.4470598345904,
      "19,18": 34.713109915419565,
      "19,19": 0.0,
      "19,20": 34.438350715445125,
      "19,21": 18.027756377319946,
      "19,22": 29.732137494637012,
      "19,23": 20.808652046684813,
      "19,24": 20.615528128088304,
      "19,25": 71.30918594402827,
      "19,1000": 43.474184900409284,
      "19,1001": 30.26680650171341,
      "19,1002": 38.062671665774545,
      "19,1003": 47.30718155089477,
      "19,1004": 19.079119031573065,
      "19,1005": 20.23369679404626,
      "19,1006": 59.50540110067776,
      "19,1007": 30.88586867490075,
      "19,1008": 27.87049402465945,
      "19,1009": 13.612690716734008,
      "20,1": 45.12205669071391,
      "20,2": 86.33075929238663,
      "20,3": 32.31098884280702,
      "20,4": 77.20103626247513,
      "20,5": 64.63745044476924,
      "20,6": 54.48853090330111,
      "20,7": 74.41102068914255,
      "20,8": 6.324555320336759,
      "20,9": 69.3757882838098,
      "20,10": 76.0,
      "20,11": 89.88882021697692,
      "20,12": 47.885279575251516,
      "20,13": 23.345235059857504,
      "20,14": 69.00724599634447,
      "20,15": 34.36568055487916,
      "20,16": 31.38470965295043,
      "20,17": 77.02596964660685,
      "20,18": 38.3275357934736,
      "20,19": 34.438350715445125,
      "20,20": 0.0,
      "20,21": 19.1049731745428,
      "20,22": 59.413803110051795,
      "20,23": 37.21558813185679,
      "20,24": 53.823786563191554,
      "20,25": 97.24710792614863,
      "20,1000": 72.78677439068713,
      "20,1001": 63.42002854132138,
      "20,1002": 4.563443634044931,
      "20,1003": 73.35241257818438,
      "20,1004": 32.63778070721778,
      "20,1005": 52.447912285365426,
      "20,1006": 68.35722352284397,
      "20,1007": 5.878153774977114,
      "20,1008": 43.15602273675245,
      "20,1009": 45.49467675504045,
      "21,1": 31.25699921617557,
      "21,2": 68.35202996254024,
      "21,3": 16.0312195418814,
      "21,4": 58.249463516842795,
      "21,5": 45.79301256742124,
      "21,6": 35.4682957019364,
      "21,7": 55.31726674375732,
      "21,8": 13.601470508735444,
      "21,9": 53.23532661682466,
      "21,10": 63.34824385884742,
      "21,11": 71.19691004531025,
      "21,12": 30.364452901377952,
      "21,13": 14.142135623730951,
      "21,14": 56.293871780150276,
      "21,15": 28.319604517012593,
      "21,16": 13.341664064126334,
      "21,17": 63.953107821277925,
      "21,18": 25.298221281347036,
      "21,19": 18.027756377319946,
      "21,20": 19.1049731745428,
      "21,21": 0.0,
      "21,22": 40.311288741492746,
      "21,23": 18.973665961010276,
      "21,24": 35.35533905932738,
      "21,25": 78.71467461661771,
      "21,1000": 53.702717433166654,
      "21,1001": 44.77803048483758,
      "21,1002": 21.689690253413048,
      "21,1003": 54.61889816391096,
      "21,1004": 26.475099564162466,
      "21,1005": 33.698184982315325,
      "21,1006": 54.898631517606056,
      "21,1007": 14.154468322704117,
      "21,1008": 25.82604898080615,
      "21,1009": 31.20584930759778,
      "22,1": 33.13608305156178,
      "22,2": 35.22782990761707,
      "22,3": 31.78049716414141,
      "22,4": 19.6468827043885,
      "22,5": 10.770329614269007,
      "22,6": 6.082762530298219,
      "22,7": 15.264337522473747,
      "22,8": 53.75872022286245,
      "22,9": 33.24154027718932,
      "22,10": 52.630789467763066,
      "22,11": 33.734255586866,
      "22,12": 20.024984394500787,
      "22,13": 42.95346318982906,
      "22,14": 47.70744176750625,
      "22,15": 48.507731342539614,
      "22,16": 29.68164415931166,
      "22,17": 51.73973328110612,
      "22,18": 36.345563690772494,
      "22,19": 29.732137494637012,
      "22,20": 59.413803110051795,
      "22,21": 40.311288741492746,
      "22,22": 0.0,
      "22,23": 24.596747752497688,
      "22,24": 12.36931687685298,
      "22,25": 41.773197148410844,
      "22,1000": 13.826369599690667,
      "22,1001": 11.255029520418896,
      "22,1002": 61.807901150372736,
      "22,1003": 18.4469887063931,
      "22,1004": 47.81053784218722,
      "22,1005": 10.510320612782122,
      "22,1006": 44.465959087146196,
      "22,1007": 54.30814707594607,
      "22,1008": 23.705838643077872,
      "22,1009": 31.907120678476105,
      "23,1": 33.301651610693426,
      "23,2": 49.39635614091387,
      "23,3": 7.280109889280518,
      "23,4": 40.36087214122113,
      "23,5": 27.65863337187866,
      "23,6": 21.587033144922902,
      "23,7": 38.41874542459709,
      "23,8": 31.064449134018133,
      "23,9": 35.014282800023196,
      "23,10": 47.92702786528704,
      "23,11": 52.69724850502159,
      "23,12": 24.698178070456937,
      "23,13": 28.284271247461902,
      "23,14": 41.14608122288197,
      "23,15": 39.92492955535426,
      "23,16": 5.830951894845301,
      "23,17": 48.104053883222775,
      "23,18": 15.231546211727817,
      "23,19": 20.808652046684813,
      "23,20": 37.21558813185679,
      "23,21": 18.973665961010276,
      "23,22": 24.596747752497688,
      "23,23": 0.0,
      "23,24": 25.019992006393608,
      "23,25": 60.03332407921454,
      "23,1000": 36.6823776604797,
      "23,1001": 32.47182049523908,
      "23,1002": 38.7851911271589,
      "23,1003": 36.20494169153354,
      "23,1004": 38.435663937814795,
      "23,1005": 22.17718838103859,
      "23,1006": 39.05811256002506,
      "23,1007": 31.584941310256195,
      "23,1008": 7.556465636686999,
      "23,1009": 32.55885496095581,
      "24,1": 21.0,
      "24,2": 47.51841748206689,
      "24,3": 32.01562118716424,
      "24,4": 31.064449134018133,
      "24,5": 23.08679276123039,
      "24,6": 7.211102550927978,
      "24,7": 25.495097567963924,
      "24,8": 48.877397639399746,
      "24,9": 44.40720662234904,
      "24,10": 62.93647591023825,
      "24,11": 45.17742799230607,
      "24,12": 8.246211251235321,
      "24,13": 34.20526275297414,
      "24,14": 57.38466694161429,
      "24,15": 37.36308338453881,
      "24,16": 28.284271247461902,
      "24,17": 62.289646009589745,
      "24,18": 39.6232255123179,
      "24,19": 20.615528128088304,
      "24,20": 53.823786563191554,
      "24,21": 35.35533905932738,
      "24,22": 12.36931687685298,
      "24,23": 25.019992006393608,
      "24,24": 0.0,
      "24,25": 53.23532661682466,
      "24,1000": 24.513940820976117,
      "24,1001": 9.697111751847652,
      "24,1002": 56.92113487404161,
      "24,1003": 30.674386865762255,
      "24,1004": 36.903023549158284,
      "24,1005": 3.197236750982183,
      "24,1006": 54.36151605620156,
      "24,1007": 49.427331682681604,
      "24,1008": 27.74220985589417,
      "24,1009": 19.757929395672633,
      "25,1": 74.16872656315464,
      "25,2": 13.416407864998739,
      "25,3": 65.45991139621256,
      "25,4": 22.20360331117452,
      "25,5": 33.24154027718932,
      "25,6": 47.853944456021594,
      "25,7": 28.0,
      "25,8": 91.0659101969557,
      "25,9": 35.35533905932738,
      "25,10": 49.64876634922564,
      "25,11": 8.06225774829855,
      "25,12": 61.40032573203501,
      "25,13": 84.11896337925236,
      "25,14": 50.28916384272063,
      "25,15": 90.2551937563706,
      "25,16": 65.86349520030045,
      "25,17": 47.51841748206689,
      "25,18": 63.655321851358195,
      "25,19": 71.30918594402827,
      "25,20": 97.24710792614863,
      "25,21": 78.71467461661771,
      "25,22": 41.773197148410844,
      "25,23": 60.03332407921454,
      "25,24": 53.23532661682466,
      "25,25": 0.0,
      "25,1000": 28.76297495853747,
      "25,1001": 46.28702800795144,
      "25,1002": 98.63338407057304,
      "25,1003": 24.268252054785325,
      "25,1004": 89.58223793706422,
      "25,1005": 52.100384285594934,
      "25,1006": 47.33298533324034,
      "25,1007": 91.57879205527482,
      "25,1008": 54.54846478684619,
      "25,1009": 72.92365816948549,
      "1000,1": 45.40804562279276,
      "1000,2": 24.95990606813774,
      "1000,3": 43.457575214213875,
      "1000,4": 6.848604884745639,
      "1000,5": 10.593951435153436,
      "1000,6": 19.704674284298115,
      "1000,7": 1.80327814693117,
      "1000,8": 66.97103490744308,
      "1000,9": 31.596792457426368,
      "1000,10": 51.67823954158259,
      "1000,11": 20.725665550107024,
      "1000,12": 32.724105730906636,
      "1000,13": 56.769557381580974,
      "1000,14": 48.33153107171165,
      "1000,15": 61.74402576579928,
      "1000,16": 42.21980295896086,
      "1000,17": 50.27616146551355,
      "1000,18": 45.73653788537125,
      "1000,19": 43.474184900409284,
      "1000,20": 72.78677439068713,
      "1000,21": 53.702717433166654,
      "1000,22": 13.826369599690667,
      "1000,23": 36.6823776604797,
      "1000,24": 24.513940820976117,
      "1000,25": 28.76297495853747,
      "1000,1000": 0.0,
      "1000,1001": 17.898792247313867,
      "1000,1002": 74.95010962697933,
      "1000,1003": 9.50072944596659,
      "1000,1004": 61.16990210387776,
      "1000,1005": 23.614692155542365,
      "1000,1006": 44.87268410890526,
      "1000,1007": 67.51491674785481,
      "1000,1008": 33.7412671362743,
      "1000,1009": 44.16300346838664,
      "1001,1": 28.613261035106614,
      "1001,2": 42.597310201589515,
      "1001,3": 39.72212261121103,
      "1001,4": 24.747318296004497,
      "1001,5": 20.670044846407563,
      "1001,6": 10.983816621810028,
      "1001,7": 18.350347938281338,
      "1001,8": 58.35422627573785,
      "1001,9": 44.062762051216254,
      "1001,10": 63.713667849639315,
      "1001,11": 38.359810913093604,
      "1001,12": 17.26081880077511,
      "1001,13": 43.82924140865675,
      "1001,14": 58.924335294511245,
      "1001,15": 45.99465443122647,
      "1001,16": 36.5747232850955,
      "1001,17": 62.74624417780374,
      "1001,18": 45.95853518323134,
      "1001,19": 30.26680650171341,
      "1001,20": 63.42002854132138,
      "1001,21": 44.77803048483758,
      "1001,22": 11.255029520418896,
      "1001,23": 32.47182049523908,
      "1001,24": 9.697111751847652,
      "1001,25": 46.28702800795144,
      "1001,1000": 17.898792247313867,
      "1001,1001": 0.0,
      "1001,1002": 66.42302687041459,
      "1001,1003": 26.04413451270069,
      "1001,1004": 45.72360074530213,
      "1001,1005": 11.111741521466989,
      "1001,1006": 55.658336844594615,
      "1001,1007": 58.9060011997645,
      "1001,1008": 33.433186501370216,
      "1001,1009": 27.38882412533215,
      "1002,1": 49.24317569311309,
      "1002,2": 87.357382693831,
      "1002,3": 33.25099797284951,
      "1002,4": 79.07603251658529,
      "1002,5": 66.414795919747,
      "1002,6": 57.12671981435188,
      "1002,7": 76.61403785124365,
      "1002,8": 8.08957025814846,
      "1002,9": 69.62019477962797,
      "1002,10": 75.03867061540804,
      "1002,11": 91.43390481556611,
      "1002,12": 51.339735981635485,
      "1002,13": 27.58448474420709,
      "1002,14": 68.12455706047554,
      "1002,15": 38.910692913049104,
      "1002,16": 32.99437540064051,
      "1002,17": 76.17966118379076,
      "1002,18": 38.0935894768734,
      "1002,19": 38.062671665774545,
      "1002,20": 4.563443634044931,
      "1002,21": 21.689690253413048,
      "1002,22": 61.807901150372736,
      "1002,23": 38.7851911271589,
      "1002,24": 56.92113487404161,
      "1002,25": 98.63338407057304,
      "1002,1000": 74.95010962697933,
      "1002,1001": 66.42302687041459,
      "1002,1002": 0.0,
      "1002,1003": 74.98346854165544,
      "1002,1004": 37.173397480491154,
      "1002,1005": 55.36676792828522,
      "1002,1006": 67.70001280542762,
      "1002,1007": 7.5365313633891935,
      "1002,1008": 44.19072290863977,
      "1002,1009": 49.56495197310677,
      "1003,1": 51.57283920556699,
      "1003,2": 16.861648520349387,
      "1003,3": 42.15235498083837,
      "1003,4": 5.93336494833438,
      "1003,5": 8.975130614834974,
      "1003,6": 24.424938718586972,
      "1003,7": 10.427577377880496,
      "1003,8": 67.25400374542326,
      "1003,9": 22.787147360822075,
      "1003,10": 42.66161721855325,
      "1003,11": 16.581113327092677,
      "1003,12": 38.471969577077665,
      "1003,13": 59.91516858319823,
      "1003,14": 39.821740162489,
      "1003,15": 66.70376400728394,
      "1003,16": 42.01919650786748,
      "1003,17": 41.155628147283714,
      "1003,18": 42.194183799216404,
      "1003,19": 47.30718155089477,
      "1003,20": 73.35241257818438,
      "1003,21": 54.61889816391096,
      "1003,22": 18.4469887063931,
      "1003,23": 36.20494169153354,
      "1003,24": 30.674386865762255,
      "1003,25": 24.268252054785325,
      "1003,1000": 9.50072944596659,
      "1003,1001": 26.04413451270069,
      "1003,1002": 74.98346854165544,
      "1003,1003": 0.0,
      "1003,1004": 65.90541313870631,
      "1003,1005": 28.95371659460058,
      "1003,1006": 36.358743907998715,
      "1003,1007": 67.77837756834225,
      "1003,1008": 31.492457044471376,
      "1003,1009": 50.34081369728696,
      "1004,1": 18.21082322895054,
      "1004,2": 82.15808890261461,
      "1004,3": 39.668890461951705,
      "1004,4": 67.41698890599204,
      "1004,5": 57.21471938687143,
      "1004,6": 41.7286632856975,
      "1004,7": 62.28465783230992,
      "1004,8": 32.00022684235031,
      "1004,9": 72.47120189203,
      "1004,10": 86.33402689919744,
      "1004,11": 81.53708952406733,
      "1004,12": 28.686741920116546,
      "1004,13": 12.35297158991081,
      "1004,14": 79.48828914891472,
      "1004,15": 1.881917877000234,
      "1004,16": 35.09051115122596,
      "1004,17": 86.53940430566004,
      "1004,18": 50.16485285205771,
      "1004,19": 19.079119031573065,
      "1004,20": 32.63778070721778,
      "1004,21": 26.475099564162466,
      "1004,22": 47.81053784218722,
      "1004,23": 38.435663937814795,
      "1004,24": 36.903023549158284,
      "1004,25": 89.58223793706422,
      "1004,1000": 61.16990210387776,
      "1004,1001": 45.72360074530213,
      "1004,1002": 37.173397480491154,
      "1004,1003": 65.90541313870631,
      "1004,1004": 0.0,
      "1004,1005": 37.56107387542778,
      "1004,1006": 77.48619172385035,
      "1004,1007": 32.3194213052516,
      "1004,1008": 45.90640717395849,
      "1004,1009": 19.234948723495084,
      "1005,1": 22.66821121322377,
      "1005,2": 45.69972701370719,
      "1005,3": 29.27791869697054,
      "1005,4": 29.901307468022235,
      "1005,5": 20.928907953686874,
      "1005,6": 4.658683701787692,
      "1005,7": 24.77802813772701,
