{
  "metadata": {
    "source": "Mankowska HCSRP",
    "seed": 1,
    "sigma": 0.15
  },
  "parameters": {
    "p": 5
  },
  "sets": {
    "customers": [
      1,
      2,
      3,
      4,
      5,
      6,
      7,
      8,
      9,
      10,
      11,
      12,
      13,
      14,
      15,
      16,
      17,
      18,
      19,
      20,
      21,
      22,
      23,
      24,
      25
    ],
    "facilities": [
      1000,
      1001,
      1002,
      1003,
      1004,
      1005,
      1006,
      1007,
      1008,
      1009
    ],
    "vehicles": [
      0,
      1,
      2,
      3,
      4
    ]
  },
  "coordinates": {
    "customers": {
      "1": {
        "x": 93.0,
        "y": 11.0
      },
      "2": {
        "x": 46.0,
        "y": 21.0
      },
      "3": {
        "x": 97.0,
        "y": 45.0
      },
      "4": {
        "x": 81.0,
        "y": 31.0
      },
      "5": {
        "x": 23.0,
        "y": 39.0
      },
      "6": {
        "x": 91.0,
        "y": 8.0
      },
      "7": {
        "x": 95.0,
        "y": 42.0
      },
      "8": {
        "x": 86.0,
        "y": 8.0
      },
      "9": {
        "x": 73.0,
        "y": 18.0
      },
      "10": {
        "x": 93.0,
        "y": 10.0
      },
      "11": {
        "x": 95.0,
        "y": 14.0
      },
      "12": {
        "x": 35.0,
        "y": 36.0
      },
      "13": {
        "x": 74.0,
        "y": 49.0
      },
      "14": {
        "x": 8.0,
        "y": 36.0
      },
      "15": {
        "x": 48.0,
        "y": 44.0
      },
      "16": {
        "x": 72.0,
        "y": 40.0
      },
      "17": {
        "x": 17.0,
        "y": 45.0
      },
      "18": {
        "x": 10.0,
        "y": 49.0
      },
      "19": {
        "x": 55.0,
        "y": 28.0
      },
      "20": {
        "x": 39.0,
        "y": 22.0
      },
      "21": {
        "x": 92.0,
        "y": 30.0
      },
      "22": {
        "x": 68.0,
        "y": 18.0
      },
      "23": {
        "x": 98.0,
        "y": 37.0
      },
      "24": {
        "x": 41.0,
        "y": 1.0
      },
      "25": {
        "x": 0.0,
        "y": 0.0
      }
    },
    "facilities": {
      "1000": {
        "x": 87.7153020783974,
        "y": 29.65534135810107
      },
      "1001": {
        "x": 73.24560164915884,
        "y": 8.042121067022213
      },
      "1002": {
        "x": 37.907743881096025,
        "y": 26.43080064681565
      },
      "1003": {
        "x": 89.57524442540905,
        "y": 50.90541391107845
      },
      "1004": {
        "x": 82.02854915222967,
        "y": 39.61179966067107
      },
      "1005": {
        "x": 25.50891721986922,
        "y": 36.82824945586993
      },
      "1006": {
        "x": 25.782983255570212,
        "y": 42.62408475376425
      },
      "1007": {
        "x": 33.331987942612265,
        "y": 20.442331511654345
      },
      "1008": {
        "x": 87.58081575149735,
        "y": 39.433833325460704
      },
      "1009": {
        "x": 91.75775187301144,
        "y": 10.916244827637012
      }
    }
  },
  "time_windows": {
    "e": {
      "1": 393.0,
      "2": 60.0,
      "3": 93.0,
      "4": 90.0,
      "5": 46.0,
      "6": 256.0,
      "7": 37.0,
      "8": 208.0,
      "9": 261.0,
      "10": 454.0,
      "11": 43.0,
      "12": 59.0,
      "13": 471.0,
      "14": 408.0,
      "15": 135.0,
      "16": 240.0,
      "17": 286.0,
      "18": 193.0,
      "19": 253.0,
      "20": 118.0,
      "21": 413.0,
      "22": 49.0,
      "23": 315.0,
      "24": 188.0,
      "25": 335.0
    },
    "l": {
      "1": 513.0,
      "2": 180.0,
      "3": 213.0,
      "4": 210.0,
      "5": 166.0,
      "6": 376.0,
      "7": 157.0,
      "8": 328.0,
      "9": 381.0,
      "10": 574.0,
      "11": 163.0,
      "12": 179.0,
      "13": 591.0,
      "14": 528.0,
      "15": 255.0,
      "16": 360.0,
      "17": 406.0,
      "18": 313.0,
      "19": 373.0,
      "20": 238.0,
      "21": 533.0,
      "22": 169.0,
      "23": 435.0,
      "24": 308.0,
      "25": 455.0
    }
  },
  "travel_time": {
    "matrix": {
      "1,1": 0.0,
      "1,2": 48.05205510693585,
      "1,3": 34.23448553724738,
      "1,4": 23.323807579381203,
      "1,5": 75.39230729988306,
      "1,6": 3.605551275463989,
      "1,7": 31.064449134018133,
      "1,8": 7.615773105863909,
      "1,9": 21.18962010041709,
      "1,10": 1.0,
      "1,11": 3.605551275463989,
      "1,12": 63.15853069855251,
      "1,13": 42.485291572496,
      "1,14": 88.60022573334675,
      "1,15": 55.80322571321482,
      "1,16": 35.805027579936315,
      "1,17": 83.2586331859946,
      "1,18": 91.28526715741155,
      "1,19": 41.6293165929973,
      "1,20": 55.10898293381942,
      "1,21": 19.026297590440446,
      "1,22": 25.96150997149434,
      "1,23": 26.476404589747453,
      "1,24": 52.952809179494906,
      "1,25": 93.64827814754524,
      "1,1000": 19.38942478027306,
      "1,1001": 19.974616441520713,
      "1,1002": 57.21246623658762,
      "1,1003": 40.05210369206822,
      "1,1004": 30.64323438423916,
      "1,1005": 72.26440842343561,
      "1,1006": 74.28465572737225,
      "1,1007": 60.41050643105509,
      "1,1008": 28.945646227011395,
      "1,1009": 1.24506840691752,
      "2,1": 48.05205510693585,
      "2,2": 0.0,
      "2,3": 56.36488268416781,
      "2,4": 36.40054944640259,
      "2,5": 29.206163733020468,
      "2,6": 46.84015371452148,
      "2,7": 53.31041174104736,
      "2,8": 42.05948168962618,
      "2,9": 27.16615541441225,
      "2,10": 48.27007354458868,
      "2,11": 49.49747468305833,
      "2,12": 18.601075237738275,
      "2,13": 39.59797974644666,
      "2,14": 40.85339643163099,
      "2,15": 23.08679276123039,
      "2,16": 32.202484376209235,
      "2,17": 37.64306044943742,
      "2,18": 45.60701700396552,
      "2,19": 11.40175425099138,
      "2,20": 7.0710678118654755,
      "2,21": 46.87216658103186,
      "2,22": 22.20360331117452,
      "2,23": 54.405882034941776,
      "2,24": 20.615528128088304,
      "2,25": 50.566787519082126,
      "2,1000": 42.603771681826494,
      "2,1001": 30.17000887746566,
      "2,1002": 9.745676208421463,
      "2,1003": 52.85012495658896,
      "2,1004": 40.5518857838151,
      "2,1005": 25.89243044481184,
      "2,1006": 29.602851340412023,
      "2,1007": 12.68028089708642,
      "2,1008": 45.48373829876823,
      "2,1009": 46.85567174684661,
      "3,1": 34.23448553724738,
      "3,2": 56.36488268416781,
      "3,3": 0.0,
      "3,4": 21.2602916254693,
      "3,5": 74.24284477308234,
      "3,6": 37.48332962798263,
      "3,7": 3.605551275463989,
      "3,8": 38.600518131237564,
      "3,9": 36.124783736376884,
      "3,10": 35.22782990761707,
      "3,11": 31.064449134018133,
      "3,12": 62.64982043070834,
      "3,13": 23.345235059857504,
      "3,14": 89.45389874119518,
      "3,15": 49.01020301937138,
      "3,16": 25.495097567963924,
      "3,17": 80.0,
      "3,18": 87.09190547921202,
      "3,19": 45.31004303683677,
      "3,20": 62.39390995922599,
      "3,21": 15.811388300841896,
      "3,22": 39.6232255123179,
      "3,23": 8.06225774829855,
      "3,24": 71.21797525905943,
      "3,25": 106.92988356862641,
      "3,1000": 17.934998308664966,
      "3,1001": 43.933543633937475,
      "3,1002": 61.941180952904396,
      "3,1003": 9.486880878538434,
      "3,1004": 15.91153805840112,
      "3,1005": 71.95660097608142,
      "3,1006": 71.2566379169947,
      "3,1007": 68.23997978401778,
      "3,1008": 10.940897739947678,
      "3,1009": 34.48454047938721,
      "4,1": 23.323807579381203,
      "4,2": 36.40054944640259,
      "4,3": 21.2602916254693,
      "4,4": 0.0,
      "4,5": 58.54912467321779,
      "4,6": 25.079872407968907,
      "4,7": 17.804493814764857,
      "4,8": 23.53720459187964,
      "4,9": 15.264337522473747,
      "4,10": 24.186773244895647,
      "4,11": 22.02271554554524,
      "4,12": 46.2709412050371,
      "4,13": 19.313207915827967,
      "4,14": 73.17103251970687,
      "4,15": 35.4682957019364,
      "4,16": 12.727922061357855,
      "4,17": 65.5133574166368,
      "4,18": 73.24616030891995,
      "4,19": 26.1725046566048,
      "4,20": 42.95346318982906,
      "4,21": 11.045361017187261,
      "4,22": 18.384776310850235,
      "4,23": 18.027756377319946,
      "4,24": 50.0,
      "4,25": 86.7294644281861,
      "4,1000": 6.8486048847456455,
      "4,1001": 24.232104714299854,
      "4,1002": 43.33382189637047,
      "4,1003": 21.673954875076777,
      "4,1004": 8.673004482535836,
      "4,1005": 55.79631493056844,
      "4,1006": 56.427283157328546,
      "4,1007": 48.82318852157312,
      "4,1008": 10.697508145208735,
      "4,1009": 22.783468725913934,
      "5,1": 75.39230729988306,
      "5,2": 29.206163733020468,
      "5,3": 74.24284477308234,
      "5,4": 58.54912467321779,
      "5,5": 0.0,
      "5,6": 74.73285756613352,
      "5,7": 72.06247289678588,
      "5,8": 70.21395872616783,
      "5,9": 54.230987451824994,
      "5,10": 75.76938695805846,
      "5,11": 76.21679604916491,
      "5,12": 12.36931687685298,
      "5,13": 51.97114584074513,
      "5,14": 15.297058540778355,
      "5,15": 25.495097567963924,
      "5,16": 49.01020301937138,
      "5,17": 8.48528137423857,
      "5,18": 16.401219466856727,
      "5,19": 33.83784863137726,
      "5,20": 23.345235059857504,
      "5,21": 69.58448102845921,
      "5,22": 49.658836071740545,
      "5,23": 75.02666192761077,
      "5,24": 42.04759208325728,
      "5,25": 45.27692569068709,
      "5,1000": 65.38648918723075,
      "5,1001": 59.01703782057232,
      "5,1002": 19.499374349051454,
      "5,1003": 67.63136883648785,
      "5,1004": 59.03171955687884,
      "5,1005": 3.318307707565039,
      "5,1006": 4.569352919533647,
      "5,1007": 21.239986689487885,
      "5,1008": 64.58227291202385,
      "5,1009": 74.27197147788547,
      "6,1": 3.605551275463989,
      "6,2": 46.84015371452148,
      "6,3": 37.48332962798263,
      "6,4": 25.079872407968907,
      "6,5": 74.73285756613352,
      "6,6": 0.0,
      "6,7": 34.23448553724738,
      "6,8": 5.0,
      "6,9": 20.591260281974,
      "6,10": 2.8284271247461903,
      "6,11": 7.211102550927978,
      "6,12": 62.609903369994115,
      "6,13": 44.384682042344295,
      "6,14": 87.5956619930462,
      "6,15": 56.08029957123981,
      "6,16": 37.21558813185679,
      "6,17": 82.73451516749222,
      "6,18": 90.78546139112804,
      "6,19": 41.182520563948,
      "6,20": 53.85164807134504,
      "6,21": 22.02271554554524,
      "6,22": 25.079872407968907,
      "6,23": 29.832867780352597,
      "6,24": 50.48762224545735,
      "6,25": 91.35097153287424,
      "6,1000": 21.90303745538648,
      "6,1001": 17.754448315412063,
      "6,1002": 56.200374307276256,
      "6,1003": 42.92906324773803,
      "6,1004": 32.86020097474089,
      "6,1005": 71.55522266336544,
      "6,1006": 73.8382456324572,
      "6,1007": 58.99501019659988,
      "6,1008": 31.619245697170776,
      "6,1009": 3.013083436576554,
      "7,1": 31.064449134018133,
      "7,2": 53.31041174104736,
      "7,3": 3.605551275463989,
      "7,4": 17.804493814764857,
      "7,5": 72.06247289678588,
      "7,6": 34.23448553724738,
      "7,7": 0.0,
      "7,8": 35.17101079013795,
      "7,9": 32.55764119219941,
      "7,10": 32.0624390837628,
      "7,11": 28.0,
      "7,12": 60.29925372672534,
      "7,13": 22.135943621178654,
      "7,14": 87.20665112249179,
      "7,15": 47.042533945356304,
      "7,16": 23.08679276123039,
      "7,17": 78.05767098754612,
      "7,18": 85.28774824088158,
      "7,19": 42.37924020083418,
      "7,20": 59.464274989274024,
      "7,21": 12.36931687685298,
      "7,22": 36.124783736376884,
      "7,23": 5.830951894845301,
      "7,24": 67.80117993073571,
      "7,25": 103.87011119662864,
      "7,1000": 14.33378598954272,
      "7,1001": 40.32854310824849,
      "7,1002": 59.17707053619437,
      "7,1003": 10.427577377880496,
      "7,1004": 13.189466932249095,
      "7,1005": 69.68326620965537,
      "7,1006": 69.21983017010771,
      "7,1007": 65.32745809966534,
      "7,1008": 7.850446249401739,
      "7,1009": 31.252392044967753,
      "8,1": 7.615773105863909,
      "8,2": 42.05948168962618,
      "8,3": 38.600518131237564,
      "8,4": 23.53720459187964,
      "8,5": 70.21395872616783,
      "8,6": 5.0,
      "8,7": 35.17101079013795,
      "8,8": 0.0,
      "8,9": 16.401219466856727,
      "8,10": 7.280109889280518,
      "8,11": 10.816653826391969,
      "8,12": 58.180752831155424,
      "8,13": 42.720018726587654,
      "8,14": 82.87339742040264,
      "8,15": 52.3450093132096,
      "8,16": 34.92849839314596,
      "8,17": 78.29431652425353,
      "8,18": 86.35392289873113,
      "8,19": 36.89173349139343,
      "8,20": 49.040799340956916,
      "8,21": 22.80350850198276,
      "8,22": 20.591260281974,
      "8,23": 31.38470965295043,
      "8,24": 45.5411901469428,
      "8,25": 86.37129152675674,
      "8,1000": 21.723168980515645,
      "8,1001": 12.754467902512701,
      "8,1002": 51.50300487436551,
      "8,1003": 43.054116128221494,
      "8,1004": 31.860293464164123,
      "8,1005": 67.00924609785204,
      "8,1006": 69.4616178233331,
      "8,1007": 54.1177522401203,
      "8,1008": 31.473558044381097,
      "8,1009": 6.454160714290156,
      "9,1": 21.18962010041709,
      "9,2": 27.16615541441225,
      "9,3": 36.124783736376884,
      "9,4": 15.264337522473747,
      "9,5": 54.230987451824994,
      "9,6": 20.591260281974,
      "9,7": 32.55764119219941,
      "9,8": 16.401219466856727,
      "9,9": 0.0,
      "9,10": 21.540659228538015,
      "9,11": 22.360679774997898,
      "9,12": 42.04759208325728,
      "9,13": 31.016124838541646,
      "9,14": 67.446274915669,
      "9,15": 36.069377593742864,
      "9,16": 22.02271554554524,
      "9,17": 62.16912416947821,
      "9,18": 70.21395872616783,
      "9,19": 20.591260281974,
      "9,20": 34.23448553724738,
      "9,21": 22.47220505424423,
      "9,22": 5.0,
      "9,23": 31.400636936215164,
      "9,24": 36.235341863986875,
      "9,25": 75.18643494673756,
      "9,1000": 18.771976385888305,
      "9,1001": 9.960907238495516,
      "9,1002": 36.09078606876138,
      "9,1003": 36.84433460413485,
      "9,1004": 23.42188259656361,
      "9,1005": 51.08723833993868,
      "9,1006": 53.25215695353877,
      "9,1007": 39.74312725236753,
      "9,1008": 25.923144080198746,
      "9,1009": 20.05075666082065,
      "10,1": 1.0,
      "10,2": 48.27007354458868,
      "10,3": 35.22782990761707,
      "10,4": 24.186773244895647,
      "10,5": 75.76938695805846,
      "10,6": 2.8284271247461903,
      "10,7": 32.0624390837628,
      "10,8": 7.280109889280518,
      "10,9": 21.540659228538015,
      "10,10": 0.0,
      "10,11": 4.47213595499958,
      "10,12": 63.56099432828282,
      "10,13": 43.382023926967726,
      "10,14": 88.88756943465155,
      "10,15": 56.4003546088143,
      "10,16": 36.61966684720111,
      "10,17": 83.6719785830358,
      "10,18": 91.706052144883,
      "10,19": 42.04759208325728,
      "10,20": 55.31726674375732,
      "10,21": 20.024984394500787,
      "10,22": 26.248809496813376,
      "10,23": 27.459060435491963,
      "10,24": 52.773099207835045,
      "10,25": 93.53608929178085,
      "10,1000": 20.35338979202406,
      "10,1001": 19.851184955057825,
      "10,1002": 57.49024172993457,
      "10,1003": 41.04853027798123,
      "10,1004": 31.578971054307,
      "10,1005": 72.62782678630037,
      "10,1006": 74.7158500322505,
      "10,1007": 60.574862362863506,
      "10,1008": 29.92854995067787,
      "10,1009": 1.5435948280485248,
      "11,1": 3.605551275463989,
      "11,2": 49.49747468305833,
      "11,3": 31.064449134018133,
      "11,4": 22.02271554554524,
      "11,5": 76.21679604916491,
      "11,6": 7.211102550927978,
      "11,7": 28.0,
      "11,8": 10.816653826391969,
      "11,9": 22.360679774997898,
      "11,10": 4.47213595499958,
      "11,11": 0.0,
      "11,12": 63.90618123468183,
      "11,13": 40.8166632639171,
      "11,14": 89.73850901368932,
      "11,15": 55.758407437802596,
      "11,16": 34.713109915419565,
      "11,17": 83.93449827097318,
      "11,18": 91.92388155425118,
      "11,19": 42.37924020083418,
      "11,20": 56.568542494923804,
      "11,21": 16.278820596099706,
      "11,22": 27.294688127912362,
      "11,23": 23.194827009486403,
      "11,24": 55.54277630799526,
      "11,25": 96.0260381354974,
      "11,1000": 17.267209874431686,
      "11,1001": 22.555490883310455,
      "11,1002": 58.42987689074315,
      "11,1003": 37.3019778160901,
      "11,1004": 28.709281059519274,
      "11,1005": 73.1446481922937,
      "11,1006": 74.9021604160344,
      "11,1007": 62.00360752743483,
      "11,1008": 26.493851598824683,
      "11,1009": 4.4745635407306805,
      "12,1": 63.15853069855251,
      "12,2": 18.601075237738275,
      "12,3": 62.64982043070834,
      "12,4": 46.2709412050371,
      "12,5": 12.36931687685298,
      "12,6": 62.609903369994115,
      "12,7": 60.29925372672534,
      "12,8": 58.180752831155424,
      "12,9": 42.04759208325728,
      "12,10": 63.56099432828282,
      "12,11": 63.90618123468183,
      "12,12": 0.0,
      "12,13": 41.10960958218893,
      "12,14": 27.0,
      "12,15": 15.264337522473747,
      "12,16": 37.21558813185679,
      "12,17": 20.12461179749811,
      "12,18": 28.178005607210743,
      "12,19": 21.540659228538015,
      "12,20": 14.560219778561036,
      "12,21": 57.3149195236284,
      "12,22": 37.589892258425,
      "12,23": 63.00793600809346,
      "12,24": 35.510561809129406,
      "12,25": 50.20956084253277,
      "12,1000": 53.09574151002048,
      "12,1001": 47.37477218876292,
      "12,1002": 10.001227461618655,
      "12,1003": 56.57409891420024,
      "12,1004": 47.16703861970249,
      "12,1005": 9.527153273693242,
      "12,1006": 11.350413934837402,
      "12,1007": 15.646830765904456,
      "12,1008": 52.69282110876164,
      "12,1009": 62.05350248958862,
      "13,1": 42.485291572496,
      "13,2": 39.59797974644666,
      "13,3": 23.345235059857504,
      "13,4": 19.313207915827967,
      "13,5": 51.97114584074513,
      "13,6": 44.384682042344295,
      "13,7": 22.135943621178654,
      "13,8": 42.720018726587654,
      "13,9": 31.016124838541646,
      "13,10": 43.382023926967726,
      "13,11": 40.8166632639171,
      "13,12": 41.10960958218893,
      "13,13": 0.0,
      "13,14": 67.26812023536856,
      "13,15": 26.476404589747453,
      "13,16": 9.219544457292887,
      "13,17": 57.14017850864661,
      "13,18": 64.0,
      "13,19": 28.319604517012593,
      "13,20": 44.204072210600685,
      "13,21": 26.1725046566048,
      "13,22": 31.575306807693888,
      "13,23": 26.832815729997478,
      "13,24": 58.249463516842795,
      "13,25": 88.75246475450696,
      "13,1000": 23.713399778886348,
      "13,1001": 40.96482593103768,
      "13,1002": 42.56782483515382,
      "13,1003": 15.69136198944397,
      "13,1004": 12.352971589910812,
      "13,1005": 49.995365990239804,
      "13,1006": 48.636745357392115,
      "13,1007": 49.69333591328001,
      "13,1008": 16.611745884198474,
      "13,1009": 42.02035411097729,
      "14,1": 88.60022573334675,
      "14,2": 40.85339643163099,
      "14,3": 89.45389874119518,
      "14,4": 73.17103251970687,
      "14,5": 15.297058540778355,
      "14,6": 87.5956619930462,
      "14,7": 87.20665112249179,
      "14,8": 82.87339742040264,
      "14,9": 67.446274915669,
      "14,10": 88.88756943465155,
      "14,11": 89.73850901368932,
      "14,12": 27.0,
      "14,13": 67.26812023536856,
      "14,14": 0.0,
      "14,15": 40.792156108742276,
      "14,16": 64.1248781675256,
      "14,17": 12.727922061357855,
      "14,18": 13.152946437965905,
      "14,19": 47.67598976424087,
      "14,20": 34.0147027033899,
      "14,21": 84.2140130857092,
      "14,22": 62.6418390534633,
      "14,23": 90.00555538409837,
      "14,24": 48.104053883222775,
      "14,25": 36.87817782917155,
      "14,1000": 79.96739384731987,
      "14,1001": 70.98331866707672,
      "14,1002": 31.401317174892846,
      "14,1003": 82.92582147272225,
      "14,1004": 74.11660533492416,
      "14,1005": 17.528496209697558,
      "14,1006": 18.976643335767854,
      "14,1007": 29.72794412531611,
      "14,1008": 79.65486455315089,
      "14,1009": 87.43315030563636,
      "15,1": 55.80322571321482,
      "15,2": 23.08679276123039,
      "15,3": 49.01020301937138,
      "15,4": 35.4682957019364,
      "15,5": 25.495097567963924,
      "15,6": 56.08029957123981,
      "15,7": 47.042533945356304,
      "15,8": 52.3450093132096,
      "15,9": 36.069377593742864,
      "15,10": 56.4003546088143,
      "15,11": 55.758407437802596,
      "15,12": 15.264337522473747,
      "15,13": 26.476404589747453,
      "15,14": 40.792156108742276,
      "15,15": 0.0,
      "15,16": 24.331050121192877,
      "15,17": 31.016124838541646,
      "15,18": 38.3275357934736,
      "15,19": 17.46424919657298,
      "15,20": 23.769728648009426,
      "15,21": 46.17358552246078,
      "15,22": 32.802438933713454,
      "15,23": 50.48762224545735,
      "15,24": 43.56604182158393,
      "15,25": 65.11528238439882,
      "15,1000": 42.22646623541878,
      "15,1001": 43.935287184525144,
      "15,1002": 20.261549779853663,
      "15,1003": 42.14481807192697,
      "15,1004": 34.310325845491434,
      "15,1005": 23.606838214592088,
      "15,1006": 22.259581662445896,
      "15,1007": 27.750933719831227,
      "15,1008": 39.843328847545536,
      "15,1009": 54.85686561666544,
      "16,1": 35.805027579936315,
      "16,2": 32.202484376209235,
      "16,3": 25.495097567963924,
      "16,4": 12.727922061357855,
      "16,5": 49.01020301937138,
      "16,6": 37.21558813185679,
      "16,7": 23.08679276123039,
      "16,8": 34.92849839314596,
      "16,9": 22.02271554554524,
      "16,10": 36.61966684720111,
      "16,11": 34.713109915419565,
      "16,12": 37.21558813185679,
      "16,13": 9.219544457292887,
      "16,14": 64.1248781675256,
      "16,15": 24.331050121192877,
      "16,16": 0.0,
      "16,17": 55.226805085936306,
      "16,18": 62.64982043070834,
      "16,19": 20.808652046684813,
      "16,20": 37.589892258425,
      "16,21": 22.360679774997898,
      "16,22": 22.360679774997898,
      "16,23": 26.1725046566048,
      "16,24": 49.8196748283246,
      "16,25": 82.365041127896,
      "16,1000": 18.814427491494282,
      "16,1001": 31.982144227103543,
      "16,1002": 36.69339311597395,
      "16,1003": 20.68374408043223,
      "16,1004": 10.036059864415995,
      "16,1005": 46.59914998777512,
      "16,1006": 46.29145123616067,
      "16,1007": 43.332638428444575,
      "16,1008": 15.59109887677796,
      "16,1009": 35.16011339574203,
      "17,1": 83.2586331859946,
      "17,2": 37.64306044943742,
      "17,3": 80.0,
      "17,4": 65.5133574166368,
      "17,5": 8.48528137423857,
      "17,6": 82.73451516749222,
      "17,7": 78.05767098754612,
      "17,8": 78.29431652425353,
      "17,9": 62.16912416947821,
      "17,10": 83.6719785830358,
      "17,11": 83.93449827097318,
      "17,12": 20.12461179749811,
      "17,13": 57.14017850864661,
      "17,14": 12.727922061357855,
      "17,15": 31.016124838541646,
      "17,16": 55.226805085936306,
      "17,17": 0.0,
      "17,18": 8.06225774829855,
      "17,19": 41.6293165929973,
      "17,20": 31.827660925679098,
      "17,21": 76.48529270389177,
      "17,22": 57.706152185014034,
      "17,23": 81.39410298049853,
      "17,24": 50.11985634456667,
      "17,25": 48.104053883222775,
      "17,1000": 72.36098739566368,
      "17,1001": 67.30120741933612,
      "17,1002": 27.963349563595028,
      "17,1003": 72.81510843821512,
      "17,1004": 65.25139774549427,
      "17,1005": 11.79742256639462,
      "17,1006": 9.098668480877969,
      "17,1007": 29.492590793979385,
      "17,1008": 70.79995595758213,
      "17,1009": 82.16096294321487,
      "18,1": 91.28526715741155,
      "18,2": 45.60701700396552,
      "18,3": 87.09190547921202,
      "18,4": 73.24616030891995,
      "18,5": 16.401219466856727,
      "18,6": 90.78546139112804,
      "18,7": 85.28774824088158,
      "18,8": 86.35392289873113,
      "18,9": 70.21395872616783,
      "18,10": 91.706052144883,
      "18,11": 91.92388155425118,
      "18,12": 28.178005607210743,
      "18,13": 64.0,
      "18,14": 13.152946437965905,
      "18,15": 38.3275357934736,
      "18,16": 62.64982043070834,
      "18,17": 8.06225774829855,
      "18,18": 0.0,
      "18,19": 49.658836071740545,
      "18,20": 39.6232255123179,
      "18,21": 84.17244204607586,
      "18,22": 65.76473218982953,
      "18,23": 88.81441324469807,
      "18,24": 57.14017850864661,
      "18,25": 50.00999900019995,
      "18,1000": 80.08672795855848,
      "18,1001": 75.34954528497533,
      "18,1002": 35.891655408696735,
      "18,1003": 79.59805354112703,
      "18,1004": 72.63780144378367,
      "18,1005": 19.71491883425561,
      "18,1006": 17.022187158905027,
      "18,1007": 36.87712150974442,
      "18,1008": 78.16837287236345,
      "18,1009": 90.19258505751674,
      "19,1": 41.6293165929973,
      "19,2": 11.40175425099138,
      "19,3": 45.31004303683677,
      "19,4": 26.1725046566048,
      "19,5": 33.83784863137726,
      "19,6": 41.182520563948,
      "19,7": 42.37924020083418,
      "19,8": 36.89173349139343,
      "19,9": 20.591260281974,
      "19,10": 42.04759208325728,
      "19,11": 42.37924020083418,
      "19,12": 21.540659228538015,
      "19,13": 28.319604517012593,
      "19,14": 47.67598976424087,
      "19,15": 17.46424919657298,
      "19,16": 20.808652046684813,
      "19,17": 41.6293165929973,
      "19,18": 49.658836071740545,
      "19,19": 0.0,
      "19,20": 17.08800749063506,
      "19,21": 37.05401462729781,
      "19,22": 16.401219466856727,
      "19,23": 43.93176527297759,
      "19,24": 30.4138126514911,
      "19,25": 61.71709649683789,
      "19,1000": 32.75715410551767,
      "19,1001": 27.041059724855206,
      "19,1002": 17.16413720069391,
      "19,1003": 41.47415476552362,
      "19,1004": 29.417279966612416,
      "19,1005": 30.78411850288382,
      "19,1006": 32.67258671010868,
      "19,1007": 22.94822650007693,
      "19,1008": 34.52885893781365,
      "19,1009": 40.53377620635802,
      "20,1": 55.10898293381942,
      "20,2": 7.0710678118654755,
      "20,3": 62.39390995922599,
      "20,4": 42.95346318982906,
      "20,5": 23.345235059857504,
      "20,6": 53.85164807134504,
      "20,7": 59.464274989274024,
      "20,8": 49.040799340956916,
      "20,9": 34.23448553724738,
      "20,10": 55.31726674375732,
      "20,11": 56.568542494923804,
      "20,12": 14.560219778561036,
      "20,13": 44.204072210600685,
      "20,14": 34.0147027033899,
      "20,15": 23.769728648009426,
      "20,16": 37.589892258425,
      "20,17": 31.827660925679098,
      "20,18": 39.6232255123179,
      "20,19": 17.08800749063506,
      "20,20": 0.0,
      "20,21": 53.600373133029585,
      "20,22": 29.274562336608895,
      "20,23": 60.876925020897694,
      "20,24": 21.095023109728988,
      "20,25": 44.77722635447622,
      "20,1000": 49.31313119138312,
      "20,1001": 36.98085473080005,
      "20,1002": 4.563443634044927,
      "20,1003": 58.25271068423028,
      "20,1004": 46.49334930324399,
      "20,1005": 20.04710194780902,
      "20,1006": 24.495762971440357,
      "20,1007": 5.878153774977121,
      "20,1008": 51.61428294087672,
      "20,1009": 53.90946124211524,
      "21,1": 19.026297590440446,
      "21,2": 46.87216658103186,
      "21,3": 15.811388300841896,
      "21,4": 11.045361017187261,
      "21,5": 69.58448102845921,
      "21,6": 22.02271554554524,
      "21,7": 12.36931687685298,
      "21,8": 22.80350850198276,
      "21,9": 22.47220505424423,
      "21,10": 20.024984394500787,
      "21,11": 16.278820596099706,
      "21,12": 57.3149195236284,
      "21,13": 26.1725046566048,
      "21,14": 84.2140130857092,
      "21,15": 46.17358552246078,
      "21,16": 22.360679774997898,
      "21,17": 76.48529270389177,
      "21,18": 84.17244204607586,
      "21,19": 37.05401462729781,
      "21,20": 53.600373133029585,
      "21,21": 0.0,
      "21,22": 26.832815729997478,
      "21,23": 9.219544457292887,
      "21,24": 58.66856057549052,
      "21,25": 96.76776322722355,
      "21,1000": 4.298537641898842,
      "21,1001": 28.87690954270112,
      "21,1002": 54.20988245749917,
      "21,1003": 21.045564149958587,
      "21,1004": 13.84978428447086,
      "21,1005": 66.84077408218573,
      "21,1006": 67.40964932709795,
      "21,1007": 59.44143896053416,
      "21,1008": 10.41760052194299,
      "21,1009": 19.085292652556326,
      "22,1": 25.96150997149434,
      "22,2": 22.20360331117452,
      "22,3": 39.6232255123179,
      "22,4": 18.384776310850235,
      "22,5": 49.658836071740545,
      "22,6": 25.079872407968907,
      "22,7": 36.124783736376884,
      "22,8": 20.591260281974,
      "22,9": 5.0,
      "22,10": 26.248809496813376,
      "22,11": 27.294688127912362,
      "22,12": 37.589892258425,
      "22,13": 31.575306807693888,
      "22,14": 62.6418390534633,
      "22,15": 32.802438933713454,
      "22,16": 22.360679774997898,
      "22,17": 57.706152185014034,
      "22,18": 65.76473218982953,
      "22,19": 16.401219466856727,
      "22,20": 29.274562336608895,
      "22,21": 26.832815729997478,
      "22,22": 0.0,
      "22,23": 35.510561809129406,
      "22,24": 31.906112267087632,
      "22,25": 70.3420215802759,
      "22,1000": 22.902840832881893,
      "22,1001": 11.255029520418896,
      "22,1002": 31.2509564313168,
      "22,1003": 39.34790257022018,
      "22,1004": 25.765676313450534,
      "22,1005": 46.4757473678519,
      "22,1006": 48.87353120821157,
      "22,1007": 34.753935650858324,
      "22,1008": 29.031320268250234,
      "22,1009": 24.79133641822397,
      "23,1": 26.476404589747453,
      "23,2": 54.405882034941776,
      "23,3": 8.06225774829855,
      "23,4": 18.027756377319946,
      "23,5": 75.02666192761077,
      "23,6": 29.832867780352597,
      "23,7": 5.830951894845301,
      "23,8": 31.38470965295043,
      "23,9": 31.400636936215164,
      "23,10": 27.459060435491963,
      "23,11": 23.194827009486403,
      "23,12": 63.00793600809346,
      "23,13": 26.832815729997478,
      "23,14": 90.00555538409837,
      "23,15": 50.48762224545735,
      "23,16": 26.1725046566048,
      "23,17": 81.39410298049853,
      "23,18": 88.81441324469807,
      "23,19": 43.93176527297759,
      "23,20": 60.876925020897694,
      "23,21": 9.219544457292887,
      "23,22": 35.510561809129406,
      "23,23": 0.0,
      "23,24": 67.4166151627327,
      "23,25": 104.75208828467335,
      "23,1000": 12.637999125836236,
      "23,1001": 38.0964432724254,
      "23,1002": 61.014647589142925,
      "23,1003": 16.258445267922,
      "23,1004": 16.183594769093332,
      "23,1005": 72.49128624107303,
      "23,1006": 72.4356806883374,
      "23,1007": 66.75408728478278,
      "23,1008": 10.699670324845002,
      "23,1009": 26.820289811459254,
      "24,1": 52.952809179494906,
      "24,2": 20.615528128088304,
      "24,3": 71.21797525905943,
      "24,4": 50.0,
      "24,5": 42.04759208325728,
      "24,6": 50.48762224545735,
      "24,7": 67.80117993073571,
      "24,8": 45.5411901469428,
      "24,9": 36.235341863986875,
      "24,10": 52.773099207835045,
      "24,11": 55.54277630799526,
      "24,12": 35.510561809129406,
      "24,13": 58.249463516842795,
      "24,14": 48.104053883222775,
      "24,15": 43.56604182158393,
      "24,16": 49.8196748283246,
      "24,17": 50.11985634456667,
      "24,18": 57.14017850864661,
      "24,19": 30.4138126514911,
      "24,20": 21.095023109728988,
      "24,21": 58.66856057549052,
      "24,22": 31.906112267087632,
      "24,23": 67.4166151627327,
      "24,24": 0.0,
      "24,25": 41.012193308819754,
      "24,1000": 54.8037228354536,
      "24,1001": 33.00561005100244,
      "24,1002": 25.618112136591535,
      "24,1003": 69.64269314597401,
      "24,1004": 56.34015369674389,
      "24,1005": 39.03379439374179,
      "24,1006": 44.31841637726698,
      "24,1007": 20.8998244854188,
      "24,1008": 60.389833086076976,
      "24,1009": 51.71732095423964,
      "25,1": 93.64827814754524,
      "25,2": 50.566787519082126,
      "25,3": 106.92988356862641,
      "25,4": 86.7294644281861,
      "25,5": 45.27692569068709,
      "25,6": 91.35097153287424,
      "25,7": 103.87011119662864,
      "25,8": 86.37129152675674,
      "25,9": 75.18643494673756,
      "25,10": 93.53608929178085,
      "25,11": 96.0260381354974,
      "25,12": 50.20956084253277,
      "25,13": 88.75246475450696,
      "25,14": 36.87817782917155,
      "25,15": 65.11528238439882,
      "25,16": 82.365041127896,
      "25,17": 48.104053883222775,
      "25,18": 50.00999900019995,
      "25,19": 61.71709649683789,
      "25,20": 44.77722635447622,
      "25,21": 96.76776322722355,
      "25,22": 70.3420215802759,
      "25,23": 104.75208828467335,
      "25,24": 41.012193308819754,
      "25,25": 0.0,
      "25,1000": 92.59272914095365,
      "25,1001": 73.6857779507274,
      "25,1002": 46.21238220419376,
      "25,1003": 103.02953741199654,
      "25,1004": 91.09213768694255,
      "25,1005": 44.79983053220094,
      "25,1006": 49.81540752270418,
      "25,1007": 39.10128307151602,
      "25,1008": 96.04908379801414,
      "25,1009": 92.40481280715873,
      "1000,1": 19.38942478027306,
      "1000,2": 42.603771681826494,
      "1000,3": 17.934998308664966,
      "1000,4": 6.8486048847456455,
      "1000,5": 65.38648918723075,
      "1000,6": 21.90303745538648,
      "1000,7": 14.33378598954272,
      "1000,8": 21.723168980515645,
      "1000,9": 18.771976385888305,
      "1000,10": 20.35338979202406,
      "1000,11": 17.267209874431686,
      "1000,12": 53.09574151002048,
      "1000,13": 23.713399778886348,
      "1000,14": 79.96739384731987,
      "1000,15": 42.22646623541878,
      "1000,16": 18.814427491494282,
      "1000,17": 72.36098739566368,
      "1000,18": 80.08672795855848,
      "1000,19": 32.75715410551767,
      "1000,20": 49.31313119138312,
      "1000,21": 4.298537641898842,
      "1000,22": 22.902840832881893,
      "1000,23": 12.637999125836236,
      "1000,24": 54.8037228354536,
      "1000,25": 92.59272914095365,
      "1000,1000": 0.0,
      "1000,1001": 26.00968131028539,
      "1000,1002": 49.91182741972388,
      "1000,1003": 21.33131428302086,
      "1000,1004": 11.46604643170837,
      "1000,1005": 62.61856695698459,
      "1000,1006": 63.27559102872822,
      "1000,1007": 55.15817624633914,
      "1000,1008": 9.77941673760966,
      "1000,1009": 19.17016273066103,
      "1001,1": 19.974616441520713,
      "1001,2": 30.17000887746566,
      "1001,3": 43.933543633937475,
      "1001,4": 24.232104714299854,
      "1001,5": 59.01703782057232,
      "1001,6": 17.754448315412063,
      "1001,7": 40.32854310824849,
      "1001,8": 12.754467902512701,
      "1001,9": 9.960907238495516,
      "1001,10": 19.851184955057825,
      "1001,11": 22.555490883310455,
      "1001,12": 47.37477218876292,
      "1001,13": 40.96482593103768,
      "1001,14": 70.98331866707672,
      "1001,15": 43.935287184525144,
      "1001,16": 31.982144227103543,
      "1001,17": 67.30120741933612,
      "1001,18": 75.34954528497533,
      "1001,19": 27.041059724855206,
      "1001,20": 36.98085473080005,
      "1001,21": 28.87690954270112,
      "1001,22": 11.255029520418896,
      "1001,23": 38.0964432724254,
      "1001,24": 33.00561005100244,
      "1001,25": 73.6857779507274,
      "1001,1000": 26.00968131028539,
      "1001,1001": 0.0,
      "1001,1002": 39.83601044688273,
      "1001,1003": 45.868497976664365,
      "1001,1004": 32.76865534848796,
      "1001,1005": 55.74434704901302,
      "1001,1006": 58.724887034429976,
      "1001,1007": 41.79547557076707,
      "1001,1008": 34.509969021667956,
      "1001,1009": 18.733934271845207,
      "1002,1": 57.21246623658762,
      "1002,2": 9.745676208421463,
      "1002,3": 61.941180952904396,
      "1002,4": 43.33382189637047,
      "1002,5": 19.499374349051454,
      "1002,6": 56.200374307276256,
      "1002,7": 59.17707053619437,
      "1002,8": 51.50300487436551,
      "1002,9": 36.09078606876138,
      "1002,10": 57.49024172993457,
      "1002,11": 58.42987689074315,
      "1002,12": 10.001227461618655,
      "1002,13": 42.56782483515382,
      "1002,14": 31.401317174892846,
      "1002,15": 20.261549779853663,
      "1002,16": 36.69339311597395,
      "1002,17": 27.963349563595028,
      "1002,18": 35.891655408696735,
      "1002,19": 17.16413720069391,
      "1002,20": 4.563443634044927,
      "1002,21": 54.20988245749917,
      "1002,22": 31.2509564313168,
      "1002,23": 61.014647589142925,
      "1002,24": 25.618112136591535,
      "1002,25": 46.21238220419376,
      "1002,1000": 49.91182741972388,
      "1002,1001": 39.83601044688273,
      "1002,1002": 0.0,
      "1002,1003": 57.171123016185504,
      "1002,1004": 46.04762961083396,
      "1002,1005": 16.181404275032897,
      "1002,1006": 20.229490117021122,
      "1002,1007": 7.536531363389194,
      "1002,1008": 51.346790823613965,
      "1002,1009": 56.040385464375284,
      "1003,1": 40.05210369206822,
      "1003,2": 52.85012495658896,
      "1003,3": 9.486880878538434,
      "1003,4": 21.673954875076777,
      "1003,5": 67.63136883648785,
      "1003,6": 42.92906324773803,
      "1003,7": 10.427577377880496,
      "1003,8": 43.054116128221494,
      "1003,9": 36.84433460413485,
      "1003,10": 41.04853027798123,
      "1003,11": 37.3019778160901,
      "1003,12": 56.57409891420024,
      "1003,13": 15.69136198944397,
      "1003,14": 82.92582147272225,
      "1003,15": 42.14481807192697,
      "1003,16": 20.68374408043223,
      "1003,17": 72.81510843821512,
      "1003,18": 79.59805354112703,
      "1003,19": 41.47415476552362,
      "1003,20": 58.25271068423028,
      "1003,21": 21.045564149958587,
      "1003,22": 39.34790257022018,
      "1003,23": 16.258445267922,
      "1003,24": 69.64269314597401,
      "1003,25": 103.02953741199654,
      "1003,1000": 21.33131428302086,
      "1003,1001": 45.868497976664365,
      "1003,1002": 57.171123016185504,
      "1003,1003": 0.0,
      "1003,1004": 13.583016321245905,
      "1003,1005": 65.59467082550441,
      "1003,1006": 64.32754462726453,
      "1003,1007": 63.96329642118021,
      "1003,1008": 11.643663807738658,
      "1003,1009": 40.048682659269936,
      "1004,1": 30.64323438423916,
      "1004,2": 40.5518857838151,
      "1004,3": 15.91153805840112,
      "1004,4": 8.673004482535836,
      "1004,5": 59.03171955687884,
      "1004,6": 32.86020097474089,
      "1004,7": 13.189466932249095,
      "1004,8": 31.860293464164123,
      "1004,9": 23.42188259656361,
      "1004,10": 31.578971054307,
      "1004,11": 28.709281059519274,
      "1004,12": 47.16703861970249,
      "1004,13": 12.352971589910812,
      "1004,14": 74.11660533492416,
      "1004,15": 34.310325845491434,
      "1004,16": 10.036059864415995,
      "1004,17": 65.25139774549427,
      "1004,18": 72.63780144378367,
      "1004,19": 29.417279966612416,
      "1004,20": 46.49334930324399,
      "1004,21": 13.84978428447086,
      "1004,22": 25.765676313450534,
      "1004,23": 16.183594769093332,
      "1004,24": 56.34015369674389,
      "1004,25": 91.09213768694255,
      "1004,1000": 11.46604643170837,
      "1004,1001": 32.76865534848796,
      "1004,1002": 46.04762961083396,
      "1004,1003": 13.583016321245905,
      "1004,1004": 0.0,
      "1004,1005": 56.58813431729436,
      "1004,1006": 56.326171044351426,
      "1004,1007": 52.33377095870487,
      "1004,1008": 5.555118037072814,
      "1004,1009": 30.30003717419719,
      "1005,1": 72.26440842343561,
      "1005,2": 25.89243044481184,
      "1005,3": 71.95660097608142,
      "1005,4": 55.79631493056844,
      "1005,5": 3.318307707565039,
      "1005,6": 71.55522266336544,
      "1005,7": 69.68326620965537,
      "1005,8": 67.00924609785204,
