{
  "metadata": {
    "source": "Mankowska HCSRP",
    "seed": 1,
    "sigma": 0.15
  },
  "parameters": {
    "p": 10
  },
  "sets": {
    "customers": [
      1,
      2,
      3,
      4,
      5,
      6,
      7,
      8,
      9,
      10,
      11,
      12,
      13,
      14,
      15,
      16,
      17,
      18,
      19,
      20,
      21,
      22,
      23,
      24,
      25,
      26,
      27,
      28,
      29,
      30,
      31,
      32,
      33,
      34,
      35,
      36,
      37,
      38,
      39,
      40,
      41,
      42,
      43,
      44,
      45,
      46,
      47,
      48,
      49,
      50
    ],
    "facilities": [
      1000,
      1001,
      1002,
      1003,
      1004,
      1005,
      1006,
      1007,
      1008,
      1009,
      1010,
      1011,
      1012,
      1013,
      1014,
      1015,
      1016,
      1017,
      1018,
      1019
    ],
    "vehicles": [
      0,
      1,
      2,
      3,
      4,
      5,
      6,
      7,
      8,
      9
    ]
  },
  "coordinates": {
    "customers": {
      "1": {
        "x": 85.0,
        "y": 16.0
      },
      "2": {
        "x": 80.0,
        "y": 41.0
      },
      "3": {
        "x": 68.0,
        "y": 22.0
      },
      "4": {
        "x": 50.0,
        "y": 45.0
      },
      "5": {
        "x": 0.0,
        "y": 37.0
      },
      "6": {
        "x": 8.0,
        "y": 15.0
      },
      "7": {
        "x": 95.0,
        "y": 30.0
      },
      "8": {
        "x": 61.0,
        "y": 34.0
      },
      "9": {
        "x": 7.0,
        "y": 13.0
      },
      "10": {
        "x": 42.0,
        "y": 42.0
      },
      "11": {
        "x": 83.0,
        "y": 41.0
      },
      "12": {
        "x": 18.0,
        "y": 7.0
      },
      "13": {
        "x": 39.0,
        "y": 4.0
      },
      "14": {
        "x": 76.0,
        "y": 28.0
      },
      "15": {
        "x": 23.0,
        "y": 35.0
      },
      "16": {
        "x": 79.0,
        "y": 7.0
      },
      "17": {
        "x": 35.0,
        "y": 2.0
      },
      "18": {
        "x": 18.0,
        "y": 23.0
      },
      "19": {
        "x": 46.0,
        "y": 5.0
      },
      "20": {
        "x": 25.0,
        "y": 31.0
      },
      "21": {
        "x": 73.0,
        "y": 39.0
      },
      "22": {
        "x": 33.0,
        "y": 7.0
      },
      "23": {
        "x": 12.0,
        "y": 47.0
      },
      "24": {
        "x": 76.0,
        "y": 27.0
      },
      "25": {
        "x": 12.0,
        "y": 31.0
      },
      "26": {
        "x": 94.0,
        "y": 48.0
      },
      "27": {
        "x": 44.0,
        "y": 19.0
      },
      "28": {
        "x": 8.0,
        "y": 17.0
      },
      "29": {
        "x": 26.0,
        "y": 6.0
      },
      "30": {
        "x": 74.0,
        "y": 26.0
      },
      "31": {
        "x": 96.0,
        "y": 5.0
      },
      "32": {
        "x": 72.0,
        "y": 1.0
      },
      "33": {
        "x": 20.0,
        "y": 26.0
      },
      "34": {
        "x": 29.0,
        "y": 1.0
      },
      "35": {
        "x": 54.0,
        "y": 44.0
      },
      "36": {
        "x": 37.0,
        "y": 40.0
      },
      "37": {
        "x": 14.0,
        "y": 48.0
      },
      "38": {
        "x": 80.0,
        "y": 11.0
      },
      "39": {
        "x": 31.0,
        "y": 40.0
      },
      "40": {
        "x": 76.0,
        "y": 31.0
      },
      "41": {
        "x": 87.0,
        "y": 14.0
      },
      "42": {
        "x": 97.0,
        "y": 42.0
      },
      "43": {
        "x": 8.0,
        "y": 37.0
      },
      "44": {
        "x": 25.0,
        "y": 35.0
      },
      "45": {
        "x": 6.0,
        "y": 19.0
      },
      "46": {
        "x": 87.0,
        "y": 10.0
      },
      "47": {
        "x": 26.0,
        "y": 44.0
      },
      "48": {
        "x": 40.0,
        "y": 2.0
      },
      "49": {
        "x": 45.0,
        "y": 12.0
      },
      "50": {
        "x": 0.0,
        "y": 0.0
      }
    },
    "facilities": {
      "1000": {
        "x": 85.50891721986922,
        "y": 30.82824945586993
      },
      "1001": {
        "x": 16.782983255570212,
        "y": 34.62408475376425
      },
      "1002": {
        "x": 25.331987942612265,
        "y": 38.442331511654345
      },
      "1003": {
        "x": 29.580815751497358,
        "y": -1.566166674539299
      },
      "1004": {
        "x": 10.757751873011442,
        "y": 30.916244827637012
      },
      "1005": {
        "x": 6.661689005151453,
        "y": 41.61733083081968
      },
      "1006": {
        "x": 14.375620746753771,
        "y": 25.192069314754672
      },
      "1007": {
        "x": 71.79563229180971,
        "y": 21.429794105318177
      },
      "1008": {
        "x": 6.751559513251458,
        "y": 38.12908645304867
      },
      "1009": {
        "x": 82.84588725864892,
        "y": 34.718125317894355
      },
      "1010": {
        "x": 106.8508682435213,
        "y": 49.1989305759058
      },
      "1011": {
        "x": 25.41779919611613,
        "y": 3.6539037072025824
      },
      "1012": {
        "x": 35.42968815166537,
        "y": 44.22383539390559
      },
      "1013": {
        "x": 93.7288117359892,
        "y": 14.442139999228305
      },
      "1014": {
        "x": 18.60071386548654,
        "y": 50.40611132828142
      },
      "1015": {
        "x": 10.067370218658352,
        "y": 49.75161212287119
      },
      "1016": {
        "x": 25.649580016637152,
        "y": 13.923948368566254
      },
      "1017": {
        "x": 40.10567641159201,
        "y": 3.780045159651033
      },
      "1018": {
        "x": 77.69051660302684,
        "y": 4.854799470861353
      },
      "1019": {
        "x": 85.94808495108606,
        "y": 39.28627998601549
      }
    }
  },
  "time_windows": {
    "e": {
      "1": 76.0,
      "2": 44.0,
      "3": 45.0,
      "4": 124.0,
      "5": 100.0,
      "6": 334.0,
      "7": 448.0,
      "8": 329.0,
      "9": 450.0,
      "10": 174.0,
      "11": 0.0,
      "12": 432.0,
      "13": 468.0,
      "14": 271.0,
      "15": 415.0,
      "16": 382.0,
      "17": 321.0,
      "18": 18.0,
      "19": 267.0,
      "20": 39.0,
      "21": 82.0,
      "22": 404.0,
      "23": 3.0,
      "24": 91.0,
      "25": 158.0,
      "26": 404.0,
      "27": 279.0,
      "28": 280.0,
      "29": 336.0,
      "30": 371.0,
      "31": 123.0,
      "32": 153.0,
      "33": 439.0,
      "34": 51.0,
      "35": 135.0,
      "36": 332.0,
      "37": 298.0,
      "38": 66.0,
      "39": 366.0,
      "40": 194.0,
      "41": 245.0,
      "42": 80.0,
      "43": 153.0,
      "44": 447.0,
      "45": 133.0,
      "46": 475.0,
      "47": 352.0,
      "48": 369.0,
      "49": 76.0,
      "50": 12.0
    },
    "l": {
      "1": 196.0,
      "2": 164.0,
      "3": 165.0,
      "4": 244.0,
      "5": 220.0,
      "6": 454.0,
      "7": 568.0,
      "8": 449.0,
      "9": 570.0,
      "10": 294.0,
      "11": 120.0,
      "12": 552.0,
      "13": 588.0,
      "14": 391.0,
      "15": 535.0,
      "16": 502.0,
      "17": 441.0,
      "18": 138.0,
      "19": 387.0,
      "20": 159.0,
      "21": 202.0,
      "22": 524.0,
      "23": 123.0,
      "24": 211.0,
      "25": 278.0,
      "26": 524.0,
      "27": 399.0,
      "28": 400.0,
      "29": 456.0,
      "30": 491.0,
      "31": 243.0,
      "32": 273.0,
      "33": 559.0,
      "34": 171.0,
      "35": 255.0,
      "36": 452.0,
      "37": 418.0,
      "38": 186.0,
      "39": 486.0,
      "40": 314.0,
      "41": 365.0,
      "42": 200.0,
      "43": 273.0,
      "44": 567.0,
      "45": 253.0,
      "46": 595.0,
      "47": 472.0,
      "48": 489.0,
      "49": 196.0,
      "50": 132.0
    }
  },
  "travel_time": {
    "matrix": {
      "1,1": 0.0,
      "1,2": 25.495097567963924,
      "1,3": 18.027756377319946,
      "1,4": 45.45327270945405,
      "1,5": 87.55569655939013,
      "1,6": 77.00649323271382,
      "1,7": 17.204650534085253,
      "1,8": 30.0,
      "1,9": 78.05767098754612,
      "1,10": 50.24937810560445,
      "1,11": 25.079872407968907,
      "1,12": 67.60177512462228,
      "1,13": 47.53945729601885,
      "1,14": 15.0,
      "1,15": 64.8459713474939,
      "1,16": 10.816653826391969,
      "1,17": 51.92301994298868,
      "1,18": 67.36467917239716,
      "1,19": 40.52159917870962,
      "1,20": 61.84658438426491,
      "1,21": 25.942243542145693,
      "1,22": 52.773099207835045,
      "1,23": 79.30952023559341,
      "1,24": 14.212670403551895,
      "1,25": 74.52516353554684,
      "1,26": 33.24154027718932,
      "1,27": 41.10960958218893,
      "1,28": 77.00649323271382,
      "1,29": 59.841457201508724,
      "1,30": 14.866068747318506,
      "1,31": 15.556349186104045,
      "1,32": 19.849433241279208,
      "1,33": 65.76473218982953,
      "1,34": 57.97413216254298,
      "1,35": 41.773197148410844,
      "1,36": 53.665631459994955,
      "1,37": 77.87810988975015,
      "1,38": 7.0710678118654755,
      "1,39": 59.09314681077663,
      "1,40": 17.4928556845359,
      "1,41": 2.8284271247461903,
      "1,42": 28.635642126552707,
      "1,43": 79.81227975693966,
      "1,44": 62.93647591023825,
      "1,45": 79.05694150420949,
      "1,46": 6.324555320336759,
      "1,47": 65.30696746902278,
      "1,48": 47.12748667179272,
      "1,49": 40.19950248448356,
      "1,50": 86.49277426467485,
      "1,1000": 14.83698010587688,
      "1,1001": 70.71363310158239,
      "1,1002": 63.74896004296511,
      "1,1003": 58.13653063614287,
      "1,1004": 75.72585929989401,
      "1,1005": 82.4204987149512,
      "1,1006": 71.22006096033344,
      "1,1007": 14.27718426718821,
      "1,1008": 81.31737148884443,
      "1,1009": 18.841667047234665,
      "1,1010": 39.744552260398414,
      "1,1011": 60.84788201988107,
      "1,1012": 57.042095868607625,
      "1,1013": 8.86674021861175,
      "1,1014": 74.78399358089328,
      "1,1015": 82.18315111286714,
      "1,1016": 59.386718570551906,
      "1,1017": 46.527707731639374,
      "1,1018": 13.328317311849187,
      "1,1019": 23.305572309247875,
      "2,1": 25.495097567963924,
      "2,2": 0.0,
      "2,3": 22.47220505424423,
      "2,4": 30.265491900843113,
      "2,5": 80.09993757800315,
      "2,6": 76.55063683601855,
      "2,7": 18.601075237738275,
      "2,8": 20.248456731316587,
      "2,9": 78.18567643756751,
      "2,10": 38.01315561749642,
      "2,11": 3.0,
      "2,12": 70.71067811865476,
      "2,13": 55.226805085936306,
      "2,14": 13.601470508735444,
      "2,15": 57.3149195236284,
      "2,16": 34.0147027033899,
      "2,17": 59.54829972383762,
      "2,18": 64.5600495662759,
      "2,19": 49.51767361255979,
      "2,20": 55.90169943749474,
      "2,21": 7.280109889280518,
      "2,22": 58.008620049092706,
      "2,23": 68.26419266350405,
      "2,24": 14.560219778561036,
      "2,25": 68.73136110975832,
      "2,26": 15.652475842498529,
      "2,27": 42.190046219457976,
      "2,28": 75.8946638440411,
      "2,29": 64.35060217278468,
      "2,30": 16.15549442140351,
      "2,31": 39.395431207184416,
      "2,32": 40.792156108742276,
      "2,33": 61.84658438426491,
      "2,34": 64.81512169239521,
      "2,35": 26.1725046566048,
      "2,36": 43.01162633521314,
      "2,37": 66.37017402418047,
      "2,38": 30.0,
      "2,39": 49.01020301937138,
      "2,40": 10.770329614269007,
      "2,41": 27.892651361962706,
      "2,42": 17.029386365926403,
      "2,43": 72.11102550927978,
      "2,44": 55.326304774492215,
      "2,45": 77.20103626247513,
      "2,46": 31.78049716414141,
      "2,47": 54.08326913195984,
      "2,48": 55.86591089385369,
      "2,49": 45.45327270945405,
      "2,50": 89.89438247187641,
      "2,1000": 11.567742997982881,
      "2,1001": 63.53773289386943,
      "2,1002": 54.72781021019357,
      "2,1003": 65.98463977054901,
      "2,1004": 69.97264496969946,
      "2,1005": 73.34090916352076,
      "2,1006": 67.50148016838901,
      "2,1007": 21.22038190635208,
      "2,1008": 73.304680466767,
      "2,1009": 6.896450087590001,
      "2,1010": 28.07475000813834,
      "2,1011": 66.13582654587752,
      "2,1012": 44.68675209617272,
      "2,1013": 29.89649142462747,
      "2,1014": 62.11559601378611,
      "2,1015": 70.4781059825204,
      "2,1016": 60.72133664796909,
      "2,1017": 54.56081096257847,
      "2,1018": 36.21890714602719,
      "2,1019": 6.190036419252114,
      "3,1": 18.027756377319946,
      "3,2": 22.47220505424423,
      "3,3": 0.0,
      "3,4": 29.206163733020468,
      "3,5": 69.63476143421474,
      "3,6": 60.40695324215582,
      "3,7": 28.160255680657446,
      "3,8": 13.892443989449804,
      "3,9": 61.66036003787198,
      "3,10": 32.802438933713454,
      "3,11": 24.20743687382041,
      "3,12": 52.20153254455275,
      "3,13": 34.132096331752024,
      "3,14": 10.0,
      "3,15": 46.84015371452148,
      "3,16": 18.601075237738275,
      "3,17": 38.58756276314948,
      "3,18": 50.00999900019995,
      "3,19": 27.80287754891569,
      "3,20": 43.93176527297759,
      "3,21": 17.72004514666935,
      "3,22": 38.07886552931954,
      "3,23": 61.326992425847855,
      "3,24": 9.433981132056603,
      "3,25": 56.71860364994893,
      "3,26": 36.76955262170047,
      "3,27": 24.186773244895647,
      "3,28": 60.207972893961475,
      "3,29": 44.94441010848846,
      "3,30": 7.211102550927978,
      "3,31": 32.7566787083184,
      "3,32": 21.37755832643195,
      "3,33": 48.16637831516918,
      "3,34": 44.294469180700204,
      "3,35": 26.076809620810597,
      "3,36": 35.84689665786984,
      "3,37": 59.93329625508679,
      "3,38": 16.278820596099706,
      "3,39": 41.14608122288197,
      "3,40": 12.041594578792296,
      "3,41": 20.615528128088304,
      "3,42": 35.22782990761707,
      "3,43": 61.84658438426491,
      "3,44": 44.9221548904324,
      "3,45": 62.07253821135398,
      "3,46": 22.47220505424423,
      "3,47": 47.41307836451879,
      "3,48": 34.40930106817051,
      "3,49": 25.079872407968907,
      "3,50": 71.47027354082255,
      "3,1000": 19.608675902959398,
      "3,1001": 52.749884550294745,
      "3,1002": 45.726464093219874,
      "3,1003": 45.07103205000481,
      "3,1004": 57.93249858635556,
      "3,1005": 64.39897564889202,
      "3,1006": 53.71930152939615,
      "3,1007": 3.8382234506290187,
      "3,1008": 63.33655257328659,
      "3,1009": 19.54868486876239,
      "3,1010": 47.42543397533011,
      "3,1011": 46.366184601354504,
      "3,1012": 39.42998951956719,
      "3,1013": 26.815909478092294,
      "3,1014": 56.98417878143241,
      "3,1015": 64.23660614322867,
      "3,1016": 43.11357886699738,
      "3,1017": 33.31756357897694,
      "3,1018": 19.69426345964517,
      "3,1019": 24.918852886245013,
      "4,1": 45.45327270945405,
      "4,2": 30.265491900843113,
      "4,3": 29.206163733020468,
      "4,4": 0.0,
      "4,5": 50.635955604688654,
      "4,6": 51.61395160225576,
      "4,7": 47.43416490252569,
      "4,8": 15.556349186104045,
      "4,9": 53.600373133029585,
      "4,10": 8.54400374531753,
      "4,11": 33.24154027718932,
      "4,12": 49.678969393496885,
      "4,13": 42.44997055358225,
      "4,14": 31.064449134018133,
      "4,15": 28.792360097775937,
      "4,16": 47.80167361086848,
      "4,17": 45.5411901469428,
      "4,18": 38.8329756778952,
      "4,19": 40.19950248448356,
      "4,20": 28.653097563788805,
      "4,21": 23.769728648009426,
      "4,22": 41.6293165929973,
      "4,23": 38.05259518088089,
      "4,24": 31.622776601683793,
      "4,25": 40.496913462633174,
      "4,26": 44.10215414239989,
      "4,27": 26.68332812825267,
      "4,28": 50.47771785649585,
      "4,29": 45.79301256742124,
      "4,30": 30.610455730027933,
      "4,31": 60.959002616512684,
      "4,32": 49.193495504995376,
      "4,33": 35.510561809129406,
      "4,34": 48.75448697299562,
      "4,35": 4.123105625617661,
      "4,36": 13.92838827718412,
      "4,37": 36.124783736376884,
      "4,38": 45.34313619501854,
      "4,39": 19.6468827043885,
      "4,40": 29.5296461204668,
      "4,41": 48.27007354458868,
      "4,42": 47.095647357266465,
      "4,43": 42.7551166528639,
      "4,44": 26.92582403567252,
      "4,45": 51.10772935672255,
      "4,46": 50.93132631298737,
      "4,47": 24.020824298928627,
      "4,48": 44.14748010928823,
      "4,49": 33.37663853655727,
      "4,50": 67.26812023536856,
      "4,1000": 38.23246938941527,
      "4,1001": 34.79985371516375,
      "4,1002": 25.524769046290473,
      "4,1003": 50.846346615418426,
      "4,1004": 41.692999386170314,
      "4,1005": 43.47012365515347,
      "4,1006": 40.760894435851185,
      "4,1007": 32.103024669296694,
      "4,1008": 43.79083303050434,
      "4,1009": 34.41757191880915,
      "4,1010": 57.005721099057205,
      "4,1011": 48.101811556486574,
      "4,1012": 14.590970456192222,
      "4,1013": 53.34783766628549,
      "4,1014": 31.861280725212882,
      "4,1015": 40.21433499412753,
      "4,1016": 39.479918165640775,
      "4,1017": 42.390828209797164,
      "4,1018": 48.768861328385135,
      "4,1019": 36.39933252202171,
      "5,1": 87.55569655939013,
      "5,2": 80.09993757800315,
      "5,3": 69.63476143421474,
      "5,4": 50.635955604688654,
      "5,5": 0.0,
      "5,6": 23.40939982143925,
      "5,7": 95.25754563287887,
      "5,8": 61.07372593840988,
      "5,9": 25.0,
      "5,10": 42.2965719651132,
      "5,11": 83.09632964216891,
      "5,12": 34.9857113690718,
      "5,13": 51.088159097779204,
      "5,14": 76.53103945458993,
      "5,15": 23.08679276123039,
      "5,16": 84.50443775329198,
      "5,17": 49.49747468305833,
      "5,18": 22.80350850198276,
      "5,19": 56.0357029044876,
      "5,20": 25.709920264364882,
      "5,21": 73.02739212103907,
      "5,22": 44.598206241955516,
      "5,23": 15.620499351813308,
      "5,24": 76.6550715869472,
      "5,25": 13.416407864998739,
      "5,26": 94.64142856064674,
      "5,27": 47.53945729601885,
      "5,28": 21.540659228538015,
      "5,29": 40.45985664828782,
      "5,30": 74.81310045707235,
      "5,31": 101.19288512538814,
      "5,32": 80.49844718999243,
      "5,33": 22.825424421026653,
      "5,34": 46.22769732530488,
      "5,35": 54.45181356024793,
      "5,36": 37.12142238654117,
      "5,37": 17.804493814764857,
      "5,38": 84.11896337925236,
      "5,39": 31.144823004794873,
      "5,40": 76.23647421018367,
      "5,41": 89.98888820293314,
      "5,42": 97.12878049270464,
      "5,43": 8.0,
      "5,44": 25.079872407968907,
      "5,45": 18.973665961010276,
      "5,46": 91.09335870413386,
      "5,47": 26.92582403567252,
      "5,48": 53.150729063673246,
      "5,49": 51.478150704935004,
      "5,50": 37.0,
      "5,1000": 85.73135615918727,
      "5,1001": 16.950324486983888,
      "5,1002": 25.373015849799256,
      "5,1003": 48.604257760944975,
      "5,1004": 12.358855220388925,
      "5,1005": 8.105420680174085,
      "5,1006": 18.60337869641038,
      "5,1007": 73.46457736748735,
      "5,1008": 6.845318990334511,
      "5,1009": 82.87730683207316,
      "5,1010": 107.54497641261594,
      "5,1011": 41.9288284351304,
      "5,1012": 36.15863106261768,
      "5,1013": 96.4051201817358,
      "5,1014": 22.92837493700717,
      "5,1015": 16.24670904680959,
      "5,1016": 34.50224795468359,
      "5,1017": 52.077160829159574,
      "5,1018": 84.07812014492072,
      "5,1019": 85.97848790792706,
      "6,1": 77.00649323271382,
      "6,2": 76.55063683601855,
      "6,3": 60.40695324215582,
      "6,4": 51.61395160225576,
      "6,5": 23.40939982143925,
      "6,6": 0.0,
      "6,7": 88.28363381737297,
      "6,8": 56.302753041036986,
      "6,9": 2.23606797749979,
      "6,10": 43.41658669218482,
      "6,11": 79.37883848986453,
      "6,12": 12.806248474865697,
      "6,13": 32.89376840679705,
      "6,14": 69.2314957226839,
      "6,15": 25.0,
      "6,16": 71.449282711585,
      "6,17": 29.966648127543394,
      "6,18": 12.806248474865697,
      "6,19": 39.293765408777,
      "6,20": 23.345235059857504,
      "6,21": 69.28924880528002,
      "6,22": 26.248809496813376,
      "6,23": 32.2490309931942,
      "6,24": 69.05070600652827,
      "6,25": 16.492422502470642,
      "6,26": 92.11405973031478,
      "6,27": 36.22154055254967,
      "6,28": 2.0,
      "6,29": 20.12461179749811,
      "6,30": 66.91038783328041,
      "6,31": 88.56635930193812,
      "6,32": 65.5133574166368,
      "6,33": 16.278820596099706,
      "6,34": 25.238858928247925,
      "6,35": 54.378304497290095,
      "6,36": 38.28837943815329,
      "6,37": 33.54101966249684,
      "6,38": 72.11102550927978,
      "6,39": 33.97057550292606,
      "6,40": 69.85699678629192,
      "6,41": 79.00632886041473,
      "6,42": 93.00537618869137,
      "6,43": 22.0,
      "6,44": 26.248809496813376,
      "6,45": 4.47213595499958,
      "6,46": 79.1580697086532,
      "6,47": 34.132096331752024,
      "6,48": 34.539832078341085,
      "6,49": 37.12142238654117,
      "6,50": 17.0,
      "6,1000": 79.10856925411927,
      "6,1001": 21.499895285571725,
      "6,1002": 29.153742688463847,
      "6,1003": 27.20605606824872,
      "6,1004": 16.153391124045132,
      "6,1005": 26.650954520921694,
      "6,1006": 12.021930661220804,
      "6,1007": 64.11883461003154,
      "6,1008": 23.162755531273746,
      "6,1009": 77.39968543596653,
      "6,1010": 104.5995267916334,
      "6,1011": 20.7873430221771,
      "6,1012": 40.08017399198387,
      "6,1013": 85.73062678789384,
      "6,1014": 36.95900233838268,
      "6,1015": 34.81305164388039,
      "6,1016": 17.682351706636442,
      "6,1017": 34.00973161413253,
      "6,1018": 70.42508926634878,
      "6,1019": 81.6439057315417,
      "7,1": 17.204650534085253,
      "7,2": 18.601075237738275,
      "7,3": 28.160255680657446,
      "7,4": 47.43416490252569,
      "7,5": 95.25754563287887,
      "7,6": 88.28363381737297,
      "7,7": 0.0,
      "7,8": 34.23448553724738,
      "7,9": 89.62700485902673,
      "7,10": 54.3415126767741,
      "7,11": 16.278820596099706,
      "7,12": 80.36168241145776,
      "7,13": 61.741396161732524,
      "7,14": 19.1049731745428,
      "7,15": 72.17340230306452,
      "7,16": 28.0178514522438,
      "7,17": 66.2117814289874,
      "7,18": 77.31752712031083,
      "7,19": 55.00909015790027,
      "7,20": 70.00714249274856,
      "7,21": 23.769728648009426,
      "7,22": 66.12866246946176,
      "7,23": 84.72307831990054,
      "7,24": 19.235384061671343,
      "7,25": 83.00602387778854,
      "7,26": 18.027756377319946,
      "7,27": 52.172789842982326,
      "7,28": 87.96590248499699,
      "7,29": 73.05477397131553,
      "7,30": 21.37755832643195,
      "7,31": 25.019992006393608,
      "7,32": 37.013511046643494,
      "7,33": 75.1065909225016,
      "7,34": 72.09022125087424,
      "7,35": 43.32435804486894,
      "7,36": 58.855755878248644,
      "7,37": 82.97590011563598,
      "7,38": 24.20743687382041,
      "7,39": 64.77653896280658,
      "7,40": 19.026297590440446,
      "7,41": 17.88854381999832,
      "7,42": 12.165525060596439,
      "7,43": 87.28115489611719,
      "7,44": 70.178344238091,
      "7,45": 89.67719888578144,
      "7,46": 21.540659228538015,
      "7,47": 70.40596565632774,
      "7,48": 61.71709649683789,
      "7,49": 53.14132102234569,
      "7,50": 99.62429422585637,
      "7,1000": 9.527153273693242,
      "7,1001": 78.353582357212,
      "7,1002": 70.17766642872213,
      "7,1003": 72.63671624092277,
      "7,1004": 84.24723066115158,
      "7,1005": 89.09893133509118,
      "7,1006": 80.76760939538451,
      "7,1007": 24.736432843361698,
      "7,1008": 88.62205873767736,
      "7,1009": 13.037759126660857,
      "7,1010": 22.561959431391422,
      "7,1011": 74.4029532920661,
      "7,1012": 61.244914458432866,
      "7,1013": 15.609706192179617,
      "7,1014": 79.0775587724196,
      "7,1015": 87.19906985184414,
      "7,1016": 71.1893263623511,
      "7,1017": 60.83479920291334,
      "7,1018": 30.52702614275888,
      "7,1019": 12.968120990776823,
      "8,1": 30.0,
      "8,2": 20.248456731316587,
      "8,3": 13.892443989449804,
      "8,4": 15.556349186104045,
      "8,5": 61.07372593840988,
      "8,6": 56.302753041036986,
      "8,7": 34.23448553724738,
      "8,8": 0.0,
      "8,9": 57.9396237474839,
      "8,10": 20.615528128088304,
      "8,11": 23.08679276123039,
      "8,12": 50.774009099144415,
      "8,13": 37.20215047547655,
      "8,14": 16.15549442140351,
      "8,15": 38.01315561749642,
      "8,16": 32.449961479175904,
      "8,17": 41.23105625617661,
      "8,18": 44.384682042344295,
      "8,19": 32.64965543462902,
      "8,20": 36.124783736376884,
      "8,21": 13.0,
      "8,22": 38.897300677553446,
      "8,23": 50.695167422546305,
      "8,24": 16.55294535724685,
      "8,25": 49.09175083453431,
      "8,26": 35.84689665786984,
      "8,27": 22.67156809750927,
      "8,28": 55.65968020030299,
      "8,29": 44.82186966202994,
      "8,30": 15.264337522473747,
      "8,31": 45.45327270945405,
      "8,32": 34.785054261852174,
      "8,33": 41.773197148410844,
      "8,34": 45.967379738244816,
      "8,35": 12.206555615733702,
      "8,36": 24.73863375370596,
      "8,37": 49.040799340956916,
      "8,38": 29.832867780352597,
      "8,39": 30.59411708155671,
      "8,40": 15.297058540778355,
      "8,41": 32.802438933713454,
      "8,42": 36.87817782917155,
      "8,43": 53.08483775994799,
      "8,44": 36.013886210738214,
      "8,45": 57.0087712549569,
      "8,46": 35.38361202590826,
      "8,47": 36.40054944640259,
      "8,48": 38.27531841800928,
      "8,49": 27.202941017470888,
      "8,50": 69.83552104767315,
      "8,1000": 24.713296518364185,
      "8,1001": 44.22142073200572,
      "8,1002": 35.94358626216079,
      "8,1003": 47.456478490954915,
      "8,1004": 50.336796111959295,
      "8,1005": 54.86962521066673,
      "8,1006": 47.44905039836544,
      "8,1007": 16.569723981245378,
      "8,1008": 54.40535497707049,
      "8,1009": 21.857687299661873,
      "8,1010": 48.304343586637785,
      "8,1011": 46.76514272681788,
      "8,1012": 27.538475959696083,
      "8,1013": 38.1272213183653,
      "8,1014": 45.46273148010697,
      "8,1015": 53.31271950400385,
      "8,1016": 40.65341365873391,
      "8,1017": 36.739875187183664,
      "8,1018": 33.585950311992335,
      "8,1019": 25.50199401649123,
      "9,1": 78.05767098754612,
      "9,2": 78.18567643756751,
      "9,3": 61.66036003787198,
      "9,4": 53.600373133029585,
      "9,5": 25.0,
      "9,6": 2.23606797749979,
      "9,7": 89.62700485902673,
      "9,8": 57.9396237474839,
      "9,9": 0.0,
      "9,10": 45.45327270945405,
      "9,11": 80.99382692526635,
      "9,12": 12.529964086141668,
      "9,13": 33.24154027718932,
      "9,14": 70.61161377563892,
      "9,15": 27.202941017470888,
      "9,16": 72.24956747275377,
      "9,17": 30.083217912982647,
      "9,18": 14.866068747318506,
      "9,19": 39.81205847478876,
      "9,20": 25.45584412271571,
      "9,21": 70.9365914038728,
      "9,22": 26.68332812825267,
      "9,23": 34.36568055487916,
      "9,24": 70.40596565632774,
      "9,25": 18.681541692269406,
      "9,26": 93.77632963600144,
      "9,27": 37.48332962798263,
      "9,28": 4.123105625617661,
      "9,29": 20.248456731316587,
      "9,30": 68.24954212300622,
      "9,31": 89.35882720806042,
      "9,32": 66.09841147864296,
      "9,33": 18.384776310850235,
      "9,34": 25.059928172283335,
      "9,35": 56.302753041036986,
      "9,36": 40.36087214122113,
      "9,37": 35.6931365951495,
      "9,38": 73.02739212103907,
      "9,39": 36.124783736376884,
      "9,40": 71.30918594402827,
      "9,41": 80.00624975587844,
      "9,42": 94.5568612000208,
      "9,43": 24.020824298928627,
      "9,44": 28.42534080710379,
      "9,45": 6.082762530298219,
      "9,46": 80.05623023850174,
      "9,47": 36.359317925395686,
      "9,48": 34.785054261852174,
      "9,49": 38.01315561749642,
      "9,50": 14.7648230602334,
      "9,1000": 80.50774224692309,
      "9,1001": 23.73410632016185,
      "9,1002": 31.358794853708922,
      "9,1003": 26.87129419275392,
      "9,1004": 18.306078986581234,
      "9,1005": 28.619330498979497,
      "9,1006": 14.249432815930854,
      "9,1007": 65.34168189412843,
      "9,1008": 25.13031453524309,
      "9,1009": 78.89407824022945,
      "9,1010": 106.20997346682796,
      "9,1011": 20.653446277623924,
      "9,1012": 42.227657584889236,
      "9,1013": 86.740800969982,
      "9,1014": 39.16367866905093,
      "9,1015": 36.87939470338802,
      "9,1016": 18.67245338418945,
      "9,1017": 34.36558420756315,
      "9,1018": 71.1582281205954,
      "9,1019": 83.20918598897059,
      "10,1": 50.24937810560445,
      "10,2": 38.01315561749642,
      "10,3": 32.802438933713454,
      "10,4": 8.54400374531753,
      "10,5": 42.2965719651132,
      "10,6": 43.41658669218482,
      "10,7": 54.3415126767741,
      "10,8": 20.615528128088304,
      "10,9": 45.45327270945405,
      "10,10": 0.0,
      "10,11": 41.012193308819754,
      "10,12": 42.43819034784589,
      "10,13": 38.118237105091836,
      "10,14": 36.76955262170047,
      "10,15": 20.248456731316587,
      "10,16": 50.93132631298737,
      "10,17": 40.607881008493905,
      "10,18": 30.610455730027933,
      "10,19": 37.21558813185679,
      "10,20": 20.248456731316587,
      "10,21": 31.144823004794873,
      "10,22": 36.138621999185304,
      "10,23": 30.4138126514911,
      "10,24": 37.16180835212409,
      "10,25": 31.953090617340916,
      "10,26": 52.3450093132096,
      "10,27": 23.08679276123039,
      "10,28": 42.20189569201838,
      "10,29": 39.395431207184416,
      "10,30": 35.77708763999664,
      "10,31": 65.45991139621256,
      "10,32": 50.80354318352215,
      "10,33": 27.202941017470888,
      "10,34": 43.01162633521314,
      "10,35": 12.165525060596439,
      "10,36": 5.385164807134504,
      "10,37": 28.635642126552707,
      "10,38": 49.040799340956916,
      "10,39": 11.180339887498949,
      "10,40": 35.73513677041127,
      "10,41": 53.0,
      "10,42": 55.0,
      "10,43": 34.36568055487916,
      "10,44": 18.384776310850235,
      "10,45": 42.720018726587654,
      "10,46": 55.21775076911409,
      "10,47": 16.1245154965971,
      "10,48": 40.049968789001575,
      "10,49": 30.14962686336267,
      "10,50": 59.39696961966999,
      "10,1000": 44.92030596362521,
      "10,1001": 26.2736000427902,
      "10,1002": 17.04346299958405,
      "10,1003": 45.301733036518534,
      "10,1004": 33.15007838224826,
      "10,1005": 35.340382845431584,
      "10,1006": 32.33593763983337,
      "10,1007": 36.206533584676905,
      "10,1008": 35.46035149904503,
      "10,1009": 41.489904854460065,
      "10,1010": 65.24921235827503,
      "10,1011": 41.77789468602767,
      "10,1012": 6.936457427502434,
      "10,1013": 58.611480201745,
      "10,1014": 24.863412864453966,
      "10,1015": 32.860011187698504,
      "10,1016": 32.49001244757048,
      "10,1017": 38.26687091801358,
      "10,1018": 51.5129003041069,
      "10,1019": 44.031789052708014,
      "11,1": 25.079872407968907,
      "11,2": 3.0,
      "11,3": 24.20743687382041,
      "11,4": 33.24154027718932,
      "11,5": 83.09632964216891,
      "11,6": 79.37883848986453,
      "11,7": 16.278820596099706,
      "11,8": 23.08679276123039,
      "11,9": 80.99382692526635,
      "11,10": 41.012193308819754,
      "11,11": 0.0,
      "11,12": 73.35529974037323,
      "11,13": 57.48912940721924,
      "11,14": 14.7648230602334,
      "11,15": 60.29925372672534,
      "11,16": 34.23448553724738,
      "11,17": 61.84658438426491,
      "11,18": 67.446274915669,
      "11,19": 51.62363799656123,
      "11,20": 58.855755878248644,
      "11,21": 10.198039027185569,
      "11,22": 60.4648658313239,
      "11,23": 71.25307010929424,
      "11,24": 15.652475842498529,
      "11,25": 71.7007670809734,
      "11,26": 13.038404810405298,
      "11,27": 44.77722635447622,
      "11,28": 78.74642849044012,
      "11,29": 66.88796603276258,
      "11,30": 17.4928556845359,
      "11,31": 38.27531841800928,
      "11,32": 41.48493702538308,
      "11,33": 64.76109943476871,
      "11,34": 67.20119046564577,
      "11,35": 29.154759474226502,
      "11,36": 46.010868281309364,
      "11,37": 69.35416353759881,
      "11,38": 30.14962686336267,
      "11,39": 52.009614495783374,
      "11,40": 12.206555615733702,
      "11,41": 27.294688127912362,
      "11,42": 14.035668847618199,
      "11,43": 75.1065909225016,
      "11,44": 58.309518948453004,
      "11,45": 80.0812087820857,
      "11,46": 31.25699921617557,
      "11,47": 57.07889277132134,
      "11,48": 58.05170109479997,
      "11,49": 47.80167361086848,
      "11,50": 92.57429448826494,
      "11,1000": 10.476601297566242,
      "11,1001": 66.52327112942716,
      "11,1002": 57.72470253493987,
      "11,1003": 68.30437607606216,
      "11,1004": 72.94261122840022,
      "11,1005": 76.34080706215316,
      "11,1006": 70.42155991202476,
      "11,1007": 22.55062780723802,
      "11,1008": 76.30246929985492,
      "11,1009": 6.283764815675921,
      "11,1010": 25.220752934009248,
      "11,1011": 68.6326508138051,
      "11,1012": 47.67942621293596,
      "11,1013": 28.643102644212423,
      "11,1014": 65.08258588097866,
      "11,1015": 73.45583163759994,
      "11,1016": 63.42068467161302,
      "11,1017": 56.791267237354994,
      "11,1018": 36.5330827502194,
      "11,1019": 3.4099913731784093,
      "12,1": 67.60177512462228,
      "12,2": 70.71067811865476,
      "12,3": 52.20153254455275,
      "12,4": 49.678969393496885,
      "12,5": 34.9857113690718,
      "12,6": 12.806248474865697,
      "12,7": 80.36168241145776,
      "12,8": 50.774009099144415,
      "12,9": 12.529964086141668,
      "12,10": 42.43819034784589,
      "12,11": 73.35529974037323,
      "12,12": 0.0,
      "12,13": 21.213203435596427,
      "12,14": 61.68468205316454,
      "12,15": 28.442925306655784,
      "12,16": 61.0,
      "12,17": 17.72004514666935,
      "12,18": 16.0,
      "12,19": 28.071337695236398,
      "12,20": 25.0,
      "12,21": 63.631753079732135,
      "12,22": 15.0,
      "12,23": 40.44749683231337,
      "12,24": 61.35144660071187,
      "12,25": 24.73863375370596,
      "12,26": 86.35392289873113,
      "12,27": 28.635642126552707,
      "12,28": 14.142135623730951,
      "12,29": 8.06225774829855,
      "12,30": 59.135437767890075,
      "12,31": 78.02563681252464,
      "12,32": 54.3323108288245,
      "12,33": 19.1049731745428,
      "12,34": 12.529964086141668,
      "12,35": 51.62363799656123,
      "12,36": 38.07886552931954,
      "12,37": 41.19465984809196,
      "12,38": 62.12889826803627,
      "12,39": 35.4682957019364,
      "12,40": 62.76941930590086,
      "12,41": 69.35416353759881,
      "12,42": 86.4060183089118,
      "12,43": 31.622776601683793,
      "12,44": 28.861739379323623,
      "12,45": 16.97056274847714,
      "12,46": 69.06518659932803,
      "12,47": 37.8549864614954,
      "12,48": 22.561028345356956,
      "12,49": 27.459060435491963,
      "12,50": 19.313207915827967,
      "12,1000": 71.59077717367175,
      "12,1001": 27.650880424307886,
      "12,1002": 32.28588326311336,
      "12,1003": 14.404669554214598,
      "12,1004": 24.988735954192308,
      "12,1005": 36.4268704401891,
      "12,1006": 18.549595977384527,
      "12,1007": 55.6972980637075,
      "12,1008": 33.09905492284186,
      "12,1009": 70.5215113670992,
      "12,1010": 98.36272937133099,
      "12,1011": 8.137573674909106,
      "12,1012": 41.102408086350394,
      "12,1013": 76.09361586041899,
      "12,1014": 43.41026788435368,
      "12,1015": 43.48134030078023,
      "12,1016": 10.317806716618884,
      "12,1017": 22.33895787157275,
      "12,1018": 59.72905204041363,
      "12,1019": 75.22862569431527,
      "13,1": 47.53945729601885,
      "13,2": 55.226805085936306,
      "13,3": 34.132096331752024,
      "13,4": 42.44997055358225,
      "13,5": 51.088159097779204,
      "13,6": 32.89376840679705,
      "13,7": 61.741396161732524,
      "13,8": 37.20215047547655,
      "13,9": 33.24154027718932,
      "13,10": 38.118237105091836,
      "13,11": 57.48912940721924,
      "13,12": 21.213203435596427,
      "13,13": 0.0,
      "13,14": 44.10215414239989,
      "13,15": 34.88552708502482,
      "13,16": 40.11234224026316,
      "13,17": 4.47213595499958,
      "13,18": 28.319604517012593,
      "13,19": 7.0710678118654755,
      "13,20": 30.4138126514911,
      "13,21": 48.79549159502341,
      "13,22": 6.708203932499369,
      "13,23": 50.774009099144415,
      "13,24": 43.56604182158393,
      "13,25": 38.18376618407357,
      "13,26": 70.43436661176133,
      "13,27": 15.811388300841896,
      "13,28": 33.61547262794322,
      "13,29": 13.152946437965905,
      "13,30": 41.340053217188775,
      "13,31": 57.0087712549569,
      "13,32": 33.13608305156178,
      "13,33": 29.068883707497267,
      "13,34": 10.44030650891055,
      "13,35": 42.720018726587654,
      "13,36": 36.05551275463989,
      "13,37": 50.60632371551998,
      "13,38": 41.593268686170845,
      "13,39": 36.87817782917155,
      "13,40": 45.803929962395145,
      "13,41": 49.03060268852505,
      "13,42": 69.33974329343886,
      "13,43": 45.27692569068709,
      "13,44": 34.0147027033899,
      "13,45": 36.24913792078372,
      "13,46": 48.373546489791295,
      "13,47": 42.05948168962618,
      "13,48": 2.23606797749979,
      "13,49": 10.0,
      "13,50": 39.20459156782532,
      "13,1000": 53.69203246135345,
      "13,1001": 37.834249034809844,
      "13,1002": 37.05521223201392,
      "13,1003": 10.940897739947676,
      "13,1004": 39.014212985624674,
      "13,1005": 49.60675293581389,
      "13,1006": 32.487903217183316,
      "13,1007": 37.139617929824965,
      "13,1008": 46.954834212752075,
      "13,1009": 53.53564282367415,
      "13,1010": 81.52719574844483,
      "13,1011": 13.58660963305091,
      "13,1012": 40.38197692647514,
      "13,1013": 55.71607597271036,
      "13,1014": 50.6917946359231,
      "13,1015": 54.13231084949017,
      "13,1016": 16.634856926169906,
      "13,1017": 1.12734221022009,
      "13,1018": 38.699958102619185,
      "13,1019": 58.730266778092115,
      "14,1": 15.0,
      "14,2": 13.601470508735444,
      "14,3": 10.0,
      "14,4": 31.064449134018133,
      "14,5": 76.53103945458993,
      "14,6": 69.2314957226839,
      "14,7": 19.1049731745428,
      "14,8": 16.15549442140351,
      "14,9": 70.61161377563892,
      "14,10": 36.76955262170047,
      "14,11": 14.7648230602334,
      "14,12": 61.68468205316454,
      "14,13": 44.10215414239989,
      "14,14": 0.0,
      "14,15": 53.46026561849464,
      "14,16": 21.213203435596427,
      "14,17": 48.54894437575342,
      "14,18": 58.215118311311535,
      "14,19": 37.8021163428716,
      "14,20": 51.088159097779204,
      "14,21": 11.40175425099138,
      "14,22": 47.853944456021594,
      "14,23": 66.76076692189807,
      "14,24": 1.0,
      "14,25": 64.07027391856539,
      "14,26": 26.90724809414742,
      "14,27": 33.24154027718932,
      "14,28": 68.8839603971781,
      "14,29": 54.62600113499065,
      "14,30": 2.8284271247461903,
      "14,31": 30.479501308256342,
      "14,32": 27.294688127912362,
      "14,33": 56.0357029044876,
      "14,34": 54.20332093147061,
      "14,35": 27.202941017470888,
      "14,36": 40.80441152620633,
      "14,37": 65.14598989960932,
      "14,38": 17.46424919657298,
      "14,39": 46.57252408878007,
      "14,40": 3.0,
      "14,41": 17.804493814764857,
      "14,42": 25.238858928247925,
      "14,43": 68.59300255857006,
      "14,44": 51.478150704935004,
      "14,45": 70.57619995437555,
      "14,46": 21.095023109728988,
      "14,47": 52.49761899362675,
      "14,48": 44.40720662234904,
      "14,49": 34.88552708502482,
      "14,50": 80.99382692526635,
      "14,1000": 9.920609944905298,
      "14,1001": 59.586353898649726,
      "14,1002": 51.73286898333475,
