{
  "metadata": {
    "source": "Mankowska HCSRP",
    "seed": 1,
    "sigma": 0.15
  },
  "parameters": {
    "p": 5
  },
  "sets": {
    "customers": [
      1,
      2,
      3,
      4,
      5,
      6,
      7,
      8,
      9,
      10,
      11,
      12,
      13,
      14,
      15,
      16,
      17,
      18,
      19,
      20,
      21,
      22,
      23,
      24,
      25
    ],
    "facilities": [
      1000,
      1001,
      1002,
      1003,
      1004,
      1005,
      1006,
      1007,
      1008,
      1009
    ],
    "vehicles": [
      0,
      1,
      2,
      3,
      4
    ]
  },
  "coordinates": {
    "customers": {
      "1": {
        "x": 40.0,
        "y": 16.0
      },
      "2": {
        "x": 89.0,
        "y": 48.0
      },
      "3": {
        "x": 6.0,
        "y": 31.0
      },
      "4": {
        "x": 47.0,
        "y": 49.0
      },
      "5": {
        "x": 94.0,
        "y": 9.0
      },
      "6": {
        "x": 34.0,
        "y": 8.0
      },
      "7": {
        "x": 14.0,
        "y": 2.0
      },
      "8": {
        "x": 67.0,
        "y": 20.0
      },
      "9": {
        "x": 30.0,
        "y": 23.0
      },
      "10": {
        "x": 78.0,
        "y": 14.0
      },
      "11": {
        "x": 99.0,
        "y": 12.0
      },
      "12": {
        "x": 56.0,
        "y": 44.0
      },
      "13": {
        "x": 62.0,
        "y": 13.0
      },
      "14": {
        "x": 53.0,
        "y": 34.0
      },
      "15": {
        "x": 79.0,
        "y": 6.0
      },
      "16": {
        "x": 7.0,
        "y": 38.0
      },
      "17": {
        "x": 30.0,
        "y": 26.0
      },
      "18": {
        "x": 97.0,
        "y": 44.0
      },
      "19": {
        "x": 67.0,
        "y": 47.0
      },
      "20": {
        "x": 2.0,
        "y": 41.0
      },
      "21": {
        "x": 58.0,
        "y": 36.0
      },
      "22": {
        "x": 42.0,
        "y": 35.0
      },
      "23": {
        "x": 34.0,
        "y": 38.0
      },
      "24": {
        "x": 36.0,
        "y": 33.0
      },
      "25": {
        "x": 0.0,
        "y": 0.0
      }
    },
    "facilities": {
      "1000": {
        "x": 53.71530207839739,
        "y": 47.65534135810107
      },
      "1001": {
        "x": 47.24560164915884,
        "y": 25.042121067022215
      },
      "1002": {
        "x": 0.9077438810960281,
        "y": 45.430800646815655
      },
      "1003": {
        "x": 8.575244425409053,
        "y": 10.905413911078448
      },
      "1004": {
        "x": 70.02854915222967,
        "y": 3.611799660671071
      },
      "1005": {
        "x": 46.50891721986922,
        "y": 44.82824945586993
      },
      "1006": {
        "x": 38.782983255570215,
        "y": 23.62408475376425
      },
      "1007": {
        "x": -3.668012057387733,
        "y": 39.442331511654345
      },
      "1008": {
        "x": -3.419184248502642,
        "y": 25.4338333254607
      },
      "1009": {
        "x": 38.75775187301144,
        "y": 15.916244827637012
      }
    }
  },
  "time_windows": {
    "e": {
      "1": 28.0,
      "2": 252.0,
      "3": 200.0,
      "4": 427.0,
      "5": 309.0,
      "6": 390.0,
      "7": 366.0,
      "8": 39.0,
      "9": 7.0,
      "10": 348.0,
      "11": 14.0,
      "12": 446.0,
      "13": 154.0,
      "14": 54.0,
      "15": 434.0,
      "16": 416.0,
      "17": 187.0,
      "18": 399.0,
      "19": 290.0,
      "20": 431.0,
      "21": 438.0,
      "22": 207.0,
      "23": 359.0,
      "24": 442.0,
      "25": 256.0
    },
    "l": {
      "1": 148.0,
      "2": 372.0,
      "3": 320.0,
      "4": 547.0,
      "5": 429.0,
      "6": 510.0,
      "7": 486.0,
      "8": 159.0,
      "9": 127.0,
      "10": 468.0,
      "11": 134.0,
      "12": 566.0,
      "13": 274.0,
      "14": 174.0,
      "15": 554.0,
      "16": 536.0,
      "17": 307.0,
      "18": 519.0,
      "19": 410.0,
      "20": 551.0,
      "21": 558.0,
      "22": 327.0,
      "23": 479.0,
      "24": 562.0,
      "25": 376.0
    }
  },
  "travel_time": {
    "matrix": {
      "1,1": 0.0,
      "1,2": 58.52349955359813,
      "1,3": 37.16180835212409,
      "1,4": 33.734255586866,
      "1,5": 54.45181356024793,
      "1,6": 10.0,
      "1,7": 29.5296461204668,
      "1,8": 27.294688127912362,
      "1,9": 12.206555615733702,
      "1,10": 38.05259518088089,
      "1,11": 59.135437767890075,
      "1,12": 32.2490309931942,
      "1,13": 22.20360331117452,
      "1,14": 22.20360331117452,
      "1,15": 40.26164427839479,
      "1,16": 39.66106403010388,
      "1,17": 14.142135623730951,
      "1,18": 63.50590523722971,
      "1,19": 41.10960958218893,
      "1,20": 45.48626166217664,
      "1,21": 26.90724809414742,
      "1,22": 19.1049731745428,
      "1,23": 22.80350850198276,
      "1,24": 17.46424919657298,
      "1,25": 43.08131845707603,
      "1,1000": 34.49884269942393,
      "1,1001": 11.587005508282989,
      "1,1002": 48.93236674409475,
      "1,1003": 31.83504468883651,
      "1,1004": 32.48355386707592,
      "1,1005": 29.5539163236444,
      "1,1006": 7.720608660513947,
      "1,1007": 49.5624674904959,
      "1,1008": 44.43222672810798,
      "1,1009": 1.24506840691752,
      "2,1": 58.52349955359813,
      "2,2": 0.0,
      "2,3": 84.72307831990054,
      "2,4": 42.01190307520001,
      "2,5": 39.319206502675,
      "2,6": 68.00735254367721,
      "2,7": 87.98295289429652,
      "2,8": 35.608987629529715,
      "2,9": 64.07807737440318,
      "2,10": 35.73513677041127,
      "2,11": 37.36308338453881,
      "2,12": 33.24154027718932,
      "2,13": 44.204072210600685,
      "2,14": 38.62641583165593,
      "2,15": 43.174066289845804,
      "2,16": 82.60750571225353,
      "2,17": 62.96824596572466,
      "2,18": 8.94427190999916,
      "2,19": 22.02271554554524,
      "2,20": 87.28115489611719,
      "2,21": 33.24154027718932,
      "2,22": 48.76474136094644,
      "2,23": 55.90169943749474,
      "2,24": 55.08175741568164,
      "2,25": 101.11874208078342,
      "2,1000": 35.28638118308795,
      "2,1001": 47.64970080432816,
      "2,1002": 88.12971334025193,
      "2,1003": 88.56720401108477,
      "2,1004": 48.2724380639073,
      "2,1005": 42.60929613760495,
      "2,1006": 55.82055190341645,
      "2,1007": 93.06231325635841,
      "2,1008": 95.13431292410624,
      "2,1009": 59.612505758557184,
      "3,1": 37.16180835212409,
      "3,2": 84.72307831990054,
      "3,3": 0.0,
      "3,4": 44.77722635447622,
      "3,5": 90.70832376358854,
      "3,6": 36.235341863986875,
      "3,7": 30.083217912982647,
      "3,8": 61.98386886924694,
      "3,9": 25.298221281347036,
      "3,10": 73.97972695272672,
      "3,11": 94.92101980067429,
      "3,12": 51.66236541235796,
      "3,13": 58.82176467941097,
      "3,14": 47.095647357266465,
      "3,15": 77.1621668954417,
      "3,16": 7.0710678118654755,
      "3,17": 24.515301344262525,
      "3,18": 91.92388155425118,
      "3,19": 63.06346010171025,
      "3,20": 10.770329614269007,
      "3,21": 52.23983154643591,
      "3,22": 36.22154055254967,
      "3,23": 28.861739379323623,
      "3,24": 30.066592756745816,
      "3,25": 31.575306807693888,
      "3,1000": 50.538603544098706,
      "3,1001": 41.67368446371301,
      "3,1002": 15.30291082404423,
      "3,1003": 20.25893072044228,
      "3,1004": 69.64028018587166,
      "3,1005": 42.8041219666983,
      "3,1006": 33.60250164578004,
      "3,1007": 12.835241271377274,
      "3,1008": 10.940897739947676,
      "3,1009": 36.063693347653285,
      "4,1": 33.734255586866,
      "4,2": 42.01190307520001,
      "4,3": 44.77722635447622,
      "4,4": 0.0,
      "4,5": 61.71709649683789,
      "4,6": 43.01162633521314,
      "4,7": 57.42821606144492,
      "4,8": 35.22782990761707,
      "4,9": 31.064449134018133,
      "4,10": 46.75467891024384,
      "4,11": 63.8200595424354,
      "4,12": 10.295630140987,
      "4,13": 39.0,
      "4,14": 16.15549442140351,
      "4,15": 53.600373133029585,
      "4,16": 41.48493702538308,
      "4,17": 28.600699292150182,
      "4,18": 50.24937810560445,
      "4,19": 20.09975124224178,
      "4,20": 45.70557952810576,
      "4,21": 17.029386365926403,
      "4,22": 14.866068747318506,
      "4,23": 17.029386365926403,
      "4,24": 19.4164878389476,
      "4,25": 67.89698078707183,
      "4,1000": 6.848604884745638,
      "4,1001": 23.95913777950472,
      "4,1002": 46.23024181370256,
      "4,1003": 54.107849063267274,
      "4,1004": 50.895999902740066,
      "4,1005": 4.200555308455123,
      "4,1006": 26.673140774239155,
      "4,1007": 51.56157942480723,
      "4,1008": 55.65481427528641,
      "4,1009": 34.09500711968984,
      "5,1": 54.45181356024793,
      "5,2": 39.319206502675,
      "5,3": 90.70832376358854,
      "5,4": 61.71709649683789,
      "5,5": 0.0,
      "5,6": 60.00833275470999,
      "5,7": 80.30566605165541,
      "5,8": 29.154759474226502,
      "5,9": 65.5133574166368,
      "5,10": 16.76305461424021,
      "5,11": 5.830951894845301,
      "5,12": 51.66236541235796,
      "5,13": 32.2490309931942,
      "5,14": 48.02082881417188,
      "5,15": 15.297058540778355,
      "5,16": 91.706052144883,
      "5,17": 66.21933252457322,
      "5,18": 35.12833614050059,
      "5,19": 46.61544808322666,
      "5,20": 97.40636529508737,
      "5,21": 45.0,
      "5,22": 58.137767414994535,
      "5,23": 66.64082832618455,
      "5,24": 62.76941930590086,
      "5,25": 94.42986815621421,
      "5,1000": 55.830926036974276,
      "5,1001": 49.42998496336142,
      "5,1002": 99.96685143124014,
      "5,1003": 85.44600322514295,
      "5,1004": 24.56955755897556,
      "5,1005": 59.49005297275569,
      "5,1006": 57.1207737433582,
      "5,1007": 102.30237596022634,
      "5,1008": 98.79558865360704,
      "5,1009": 55.673516330833515,
      "6,1": 10.0,
      "6,2": 68.00735254367721,
      "6,3": 36.235341863986875,
      "6,4": 43.01162633521314,
      "6,5": 60.00833275470999,
      "6,6": 0.0,
      "6,7": 20.8806130178211,
      "6,8": 35.11409973215888,
      "6,9": 15.524174696260024,
      "6,10": 44.40720662234904,
      "6,11": 65.12296062065974,
      "6,12": 42.190046219457976,
      "6,13": 28.442925306655784,
      "6,14": 32.202484376209235,
      "6,15": 45.044422518220834,
      "6,16": 40.36087214122113,
      "6,17": 18.439088914585774,
      "6,18": 72.56031973468694,
      "6,19": 51.088159097779204,
      "6,20": 45.967379738244816,
      "6,21": 36.87817782917155,
      "6,22": 28.160255680657446,
      "6,23": 30.0,
      "6,24": 25.079872407968907,
      "6,25": 34.92849839314596,
      "6,1000": 44.285880755269865,
      "6,1001": 21.58425012622032,
      "6,1002": 49.96160778138343,
      "6,1003": 25.59022520460462,
      "6,1004": 36.294802055290454,
      "6,1005": 38.894639322113846,
      "6,1006": 16.339796608767,
      "6,1007": 49.06627500885185,
      "6,1008": 41.28115664856464,
      "6,1009": 9.235969632704172,
      "7,1": 29.5296461204668,
      "7,2": 87.98295289429652,
      "7,3": 30.083217912982647,
      "7,4": 57.42821606144492,
      "7,5": 80.30566605165541,
      "7,6": 20.8806130178211,
      "7,7": 0.0,
      "7,8": 55.97320787662612,
      "7,9": 26.40075756488817,
      "7,10": 65.11528238439882,
      "7,11": 85.58621384311844,
      "7,12": 59.39696961966999,
      "7,13": 49.24428900898052,
      "7,14": 50.44799302251776,
      "7,15": 65.12296062065974,
      "7,16": 36.6742416417845,
      "7,17": 28.844410203711913,
      "7,18": 93.02150289046077,
      "7,19": 69.52697318307479,
      "7,20": 40.80441152620633,
      "7,21": 55.60575509783138,
      "7,22": 43.278170016764804,
      "7,23": 41.182520563948,
      "7,24": 38.01315561749642,
      "7,25": 14.142135623730951,
      "7,1000": 60.51210964512054,
      "7,1001": 40.450084947770655,
      "7,1002": 45.36123471761347,
      "7,1003": 10.427577377880496,
      "7,1004": 56.051728057660775,
      "7,1005": 53.768844605984725,
      "7,1006": 32.89068713912577,
      "7,1007": 41.40153184471104,
      "7,1008": 29.198844569755753,
      "7,1009": 28.40084766179234,
      "8,1": 27.294688127912362,
      "8,2": 35.608987629529715,
      "8,3": 61.98386886924694,
      "8,4": 35.22782990761707,
      "8,5": 29.154759474226502,
      "8,6": 35.11409973215888,
      "8,7": 55.97320787662612,
      "8,8": 0.0,
      "8,9": 37.12142238654117,
      "8,10": 12.529964086141668,
      "8,11": 32.984845004941285,
      "8,12": 26.40075756488817,
      "8,13": 8.602325267042627,
      "8,14": 19.79898987322333,
      "8,15": 18.439088914585774,
      "8,16": 62.6418390534633,
      "8,17": 37.48332962798263,
      "8,18": 38.41874542459709,
      "8,19": 27.0,
      "8,20": 68.30812543175226,
      "8,21": 18.35755975068582,
      "8,22": 29.154759474226502,
      "8,23": 37.589892258425,
      "8,24": 33.61547262794322,
      "8,25": 69.92138442565336,
      "8,1000": 30.68063077091682,
      "8,1001": 20.387722753123388,
      "8,1002": 70.8160429593809,
      "8,1003": 59.1283651057553,
      "8,1004": 16.66568991459555,
      "8,1005": 32.19202454871513,
      "8,1006": 28.448796534438806,
      "8,1007": 73.29373904196841,
      "8,1008": 70.62852153934308,
      "8,1009": 28.53597090645752,
      "9,1": 12.206555615733702,
      "9,2": 64.07807737440318,
      "9,3": 25.298221281347036,
      "9,4": 31.064449134018133,
      "9,5": 65.5133574166368,
      "9,6": 15.524174696260024,
      "9,7": 26.40075756488817,
      "9,8": 37.12142238654117,
      "9,9": 0.0,
      "9,10": 48.83646178829912,
      "9,11": 69.87131027825369,
      "9,12": 33.421549934136806,
      "9,13": 33.52610922848042,
      "9,14": 25.495097567963924,
      "9,15": 51.86520991955976,
      "9,16": 27.459060435491963,
      "9,17": 3.0,
      "9,18": 70.21395872616783,
      "9,19": 44.10215414239989,
      "9,20": 33.28663395418648,
      "9,21": 30.870698080866262,
      "9,22": 16.97056274847714,
      "9,23": 15.524174696260024,
      "9,24": 11.661903789690601,
      "9,25": 37.8021163428716,
      "9,1000": 34.20966837246641,
      "9,1001": 17.36608864119512,
      "9,1002": 36.73554387436085,
      "9,1003": 24.602828375885984,
      "9,1004": 44.47681485482544,
      "9,1005": 27.368171697798527,
      "9,1006": 8.805127860940338,
      "9,1007": 37.46845742001594,
      "9,1008": 33.50769196007822,
      "9,1009": 11.26400484779791,
      "10,1": 38.05259518088089,
      "10,2": 35.73513677041127,
      "10,3": 73.97972695272672,
      "10,4": 46.75467891024384,
      "10,5": 16.76305461424021,
      "10,6": 44.40720662234904,
      "10,7": 65.11528238439882,
      "10,8": 12.529964086141668,
      "10,9": 48.83646178829912,
      "10,10": 0.0,
      "10,11": 21.095023109728988,
      "10,12": 37.20215047547655,
      "10,13": 16.0312195418814,
      "10,14": 32.01562118716424,
      "10,15": 8.06225774829855,
      "10,16": 74.94664769020693,
      "10,17": 49.47726750741192,
      "10,18": 35.510561809129406,
      "10,19": 34.785054261852174,
      "10,20": 80.65358020571685,
      "10,21": 29.732137494637012,
      "10,22": 41.677331968349414,
      "10,23": 50.11985634456667,
      "10,24": 46.09772228646444,
      "10,25": 79.2464510246358,
      "10,1000": 41.502151210193894,
      "10,1001": 32.67661940257892,
      "10,1002": 83.25329532698724,
      "10,1003": 69.49369143780926,
      "10,1004": 13.094225250409126,
      "10,1005": 44.06891488542002,
      "10,1006": 40.380656380011004,
      "10,1007": 85.53932678104584,
      "10,1008": 82.21810085501876,
      "10,1009": 39.28900650690448,
      "11,1": 59.135437767890075,
      "11,2": 37.36308338453881,
      "11,3": 94.92101980067429,
      "11,4": 63.8200595424354,
      "11,5": 5.830951894845301,
      "11,6": 65.12296062065974,
      "11,7": 85.58621384311844,
      "11,8": 32.984845004941285,
      "11,9": 69.87131027825369,
      "11,10": 21.095023109728988,
      "11,11": 0.0,
      "11,12": 53.600373133029585,
      "11,13": 37.013511046643494,
      "11,14": 50.99019513592785,
      "11,15": 20.8806130178211,
      "11,16": 95.60334722173695,
      "11,17": 70.40596565632774,
      "11,18": 32.0624390837628,
      "11,19": 47.4236228055175,
      "11,20": 101.24228365658294,
      "11,21": 47.50789408087881,
      "11,22": 61.465437442517235,
      "11,23": 70.00714249274856,
      "11,24": 66.40783086353596,
      "11,25": 99.72462083156798,
      "11,1000": 57.63685655215343,
      "11,1001": 53.372414884324044,
      "11,1002": 103.63256796192877,
      "11,1003": 90.43138028046778,
      "11,1004": 30.16134727026447,
      "11,1005": 61.91128922714634,
      "11,1006": 61.32869191464654,
      "11,1007": 106.27230240571365,
      "11,1008": 103.2964528913989,
      "11,1009": 60.36940808839896,
      "12,1": 32.2490309931942,
      "12,2": 33.24154027718932,
      "12,3": 51.66236541235796,
      "12,4": 10.295630140987,
      "12,5": 51.66236541235796,
      "12,6": 42.190046219457976,
      "12,7": 59.39696961966999,
      "12,8": 26.40075756488817,
      "12,9": 33.421549934136806,
      "12,10": 37.20215047547655,
      "12,11": 53.600373133029585,
      "12,12": 0.0,
      "12,13": 31.575306807693888,
      "12,14": 10.44030650891055,
      "12,15": 44.41846462902562,
      "12,16": 49.36598018878993,
      "12,17": 31.622776601683793,
      "12,18": 41.0,
      "12,19": 11.40175425099138,
      "12,20": 54.08326913195984,
      "12,21": 8.246211251235321,
      "12,22": 16.64331697709324,
      "12,23": 22.80350850198276,
      "12,24": 22.825424421026653,
      "12,25": 71.21797525905943,
      "12,1000": 4.310610749907656,
      "12,1001": 20.881586724256692,
      "12,1002": 55.11083264442519,
      "12,1003": 57.83043376723656,
      "12,1004": 42.75519755499083,
      "12,1005": 9.527153273693242,
      "12,1006": 26.675899004527626,
      "12,1007": 59.841824879679486,
      "12,1008": 62.2522449534495,
      "12,1009": 32.95439917604121,
      "13,1": 22.20360331117452,
      "13,2": 44.204072210600685,
      "13,3": 58.82176467941097,
      "13,4": 39.0,
      "13,5": 32.2490309931942,
      "13,6": 28.442925306655784,
      "13,7": 49.24428900898052,
      "13,8": 8.602325267042627,
      "13,9": 33.52610922848042,
      "13,10": 16.0312195418814,
      "13,11": 37.013511046643494,
      "13,12": 31.575306807693888,
      "13,13": 0.0,
      "13,14": 22.847319317591726,
      "13,15": 18.384776310850235,
      "13,16": 60.41522986797286,
      "13,17": 34.539832078341085,
      "13,18": 46.75467891024384,
      "13,19": 34.36568055487916,
      "13,20": 66.2117814289874,
      "13,21": 23.345235059857504,
      "13,22": 29.732137494637012,
      "13,23": 37.53664875824692,
      "13,24": 32.802438933713454,
      "13,25": 63.34824385884742,
      "13,1000": 35.63185238376917,
      "13,1001": 19.044814267619532,
      "13,1002": 69.16661469445543,
      "13,1003": 53.46580027539745,
      "13,1004": 12.35297158991081,
      "13,1005": 35.39789695908429,
      "13,1006": 25.532352875641894,
      "13,1007": 70.79184065513093,
      "13,1008": 66.59031370180557,
      "13,1009": 23.424486801021335,
      "14,1": 22.20360331117452,
      "14,2": 38.62641583165593,
      "14,3": 47.095647357266465,
      "14,4": 16.15549442140351,
      "14,5": 48.02082881417188,
      "14,6": 32.202484376209235,
      "14,7": 50.44799302251776,
      "14,8": 19.79898987322333,
      "14,9": 25.495097567963924,
      "14,10": 32.01562118716424,
      "14,11": 50.99019513592785,
      "14,12": 10.44030650891055,
      "14,13": 22.847319317591726,
      "14,14": 0.0,
      "14,15": 38.2099463490856,
      "14,16": 46.17358552246078,
      "14,17": 24.351591323771842,
      "14,18": 45.12205669071391,
      "14,19": 19.1049731745428,
      "14,20": 51.478150704935004,
      "14,21": 5.385164807134504,
      "14,22": 11.045361017187261,
      "14,23": 19.4164878389476,
      "14,24": 17.029386365926403,
      "14,25": 62.96824596572466,
      "14,1000": 13.674063209946969,
      "14,1001": 10.646910131960851,
      "14,1002": 53.33166368101346,
      "14,1003": 50.06914034094013,
      "14,1004": 34.83409545392406,
      "14,1005": 12.624782847124848,
      "14,1006": 17.600658575986987,
      "14,1007": 56.928749879291985,
      "14,1008": 57.06578276657981,
      "14,1009": 23.018771314835078,
      "15,1": 40.26164427839479,
      "15,2": 43.174066289845804,
      "15,3": 77.1621668954417,
      "15,4": 53.600373133029585,
      "15,5": 15.297058540778355,
      "15,6": 45.044422518220834,
      "15,7": 65.12296062065974,
      "15,8": 18.439088914585774,
      "15,9": 51.86520991955976,
      "15,10": 8.06225774829855,
      "15,11": 20.8806130178211,
      "15,12": 44.41846462902562,
      "15,13": 18.384776310850235,
      "15,14": 38.2099463490856,
      "15,15": 0.0,
      "15,16": 78.79086241436883,
      "15,17": 52.92447448959697,
      "15,18": 42.04759208325728,
      "15,19": 42.720018726587654,
      "15,20": 84.581321815162,
      "15,21": 36.61966684720111,
      "15,22": 47.01063709417264,
      "15,23": 55.21775076911409,
      "15,24": 50.774009099144415,
      "15,25": 79.22752047110903,
      "15,1000": 48.72867136139278,
      "15,1001": 37.02626350788093,
      "15,1002": 87.48250399588144,
      "15,1003": 70.5953913749324,
      "15,1004": 9.283880178822308,
      "15,1005": 50.62907678432004,
      "15,1006": 43.909188095768876,
      "15,1007": 89.17617257124121,
      "15,1008": 84.67937062774152,
      "15,1009": 41.445994327507115,
      "16,1": 39.66106403010388,
      "16,2": 82.60750571225353,
      "16,3": 7.0710678118654755,
      "16,4": 41.48493702538308,
      "16,5": 91.706052144883,
      "16,6": 40.36087214122113,
      "16,7": 36.6742416417845,
      "16,8": 62.6418390534633,
      "16,9": 27.459060435491963,
      "16,10": 74.94664769020693,
      "16,11": 95.60334722173695,
      "16,12": 49.36598018878993,
      "16,13": 60.41522986797286,
      "16,14": 46.17358552246078,
      "16,15": 78.79086241436883,
      "16,16": 0.0,
      "16,17": 25.942243542145693,
      "16,18": 90.19977827023745,
      "16,19": 60.67124524847005,
      "16,20": 5.830951894845301,
      "16,21": 51.03920062069938,
      "16,22": 35.12833614050059,
      "16,23": 27.0,
      "16,24": 29.427877939124322,
      "16,25": 38.63935817272331,
      "16,1000": 47.70267356257275,
      "16,1001": 42.28019723871314,
      "16,1002": 9.608974080048236,
      "16,1003": 27.140338802781436,
      "16,1004": 71.79934770464739,
      "16,1005": 40.09463219083156,
      "16,1006": 34.88301827237446,
      "16,1007": 10.765073220655824,
      "16,1008": 16.323845910095685,
      "16,1009": 38.68135269791674,
      "17,1": 14.142135623730951,
      "17,2": 62.96824596572466,
      "17,3": 24.515301344262525,
      "17,4": 28.600699292150182,
      "17,5": 66.21933252457322,
      "17,6": 18.439088914585774,
      "17,7": 28.844410203711913,
      "17,8": 37.48332962798263,
      "17,9": 3.0,
      "17,10": 49.47726750741192,
      "17,11": 70.40596565632774,
      "17,12": 31.622776601683793,
      "17,13": 34.539832078341085,
      "17,14": 24.351591323771842,
      "17,15": 52.92447448959697,
      "17,16": 25.942243542145693,
      "17,17": 0.0,
      "17,18": 69.3757882838098,
      "17,19": 42.5440947723653,
      "17,20": 31.76476034853718,
      "17,21": 29.732137494637012,
      "17,22": 15.0,
      "17,23": 12.649110640673518,
      "17,24": 9.219544457292887,
      "17,25": 39.698866482558415,
      "17,1000": 32.114939856794415,
      "17,1001": 17.27218307834053,
      "17,1002": 34.98450199537214,
      "17,1003": 26.208141495093273,
      "17,1004": 45.864106463185294,
      "17,1005": 25.040913029379755,
      "17,1006": 9.098668480877972,
      "17,1007": 36.25232837164561,
      "17,1008": 33.423979723227546,
      "17,1009": 13.355910161624806,
      "18,1": 63.50590523722971,
      "18,2": 8.94427190999916,
      "18,3": 91.92388155425118,
      "18,4": 50.24937810560445,
      "18,5": 35.12833614050059,
      "18,6": 72.56031973468694,
      "18,7": 93.02150289046077,
      "18,8": 38.41874542459709,
      "18,9": 70.21395872616783,
      "18,10": 35.510561809129406,
      "18,11": 32.0624390837628,
      "18,12": 41.0,
      "18,13": 46.75467891024384,
      "18,14": 45.12205669071391,
      "18,15": 42.04759208325728,
      "18,16": 90.19977827023745,
      "18,17": 69.3757882838098,
      "18,18": 0.0,
      "18,19": 30.14962686336267,
      "18,20": 95.04735661763561,
      "18,21": 39.81205847478876,
      "18,22": 55.731499172371095,
      "18,23": 63.28506932918696,
      "18,24": 61.98386886924694,
      "18,25": 106.51291001564083,
      "18,1000": 43.43876833669013,
      "18,1001": 53.24379145864453,
      "18,1002": 96.10290774223206,
      "18,1003": 94.41498306319392,
      "18,1004": 48.56609812908034,
      "18,1005": 50.4978755738414,
      "18,1006": 61.6798099927602,
      "18,1007": 100.77113174732146,
      "18,1008": 102.12108063530025,
      "18,1009": 64.65954509171037,
      "19,1": 41.10960958218893,
      "19,2": 22.02271554554524,
      "19,3": 63.06346010171025,
      "19,4": 20.09975124224178,
      "19,5": 46.61544808322666,
      "19,6": 51.088159097779204,
      "19,7": 69.52697318307479,
      "19,8": 27.0,
      "19,9": 44.10215414239989,
      "19,10": 34.785054261852174,
      "19,11": 47.4236228055175,
      "19,12": 11.40175425099138,
      "19,13": 34.36568055487916,
      "19,14": 19.1049731745428,
      "19,15": 42.720018726587654,
      "19,16": 60.67124524847005,
      "19,17": 42.5440947723653,
      "19,18": 30.14962686336267,
      "19,19": 0.0,
      "19,20": 65.27633568147036,
      "19,21": 14.212670403551895,
      "19,22": 27.730849247724095,
      "19,23": 34.20526275297414,
      "19,24": 34.0147027033899,
      "19,25": 81.8413098624405,
      "19,1000": 13.300852272086567,
      "19,1001": 29.536159219489345,
      "19,1002": 66.11088189925191,
      "19,1003": 68.67511346100031,
      "19,1004": 43.49377011312326,
      "19,1005": 20.605848051660033,
      "19,1006": 36.64196293260812,
      "19,1007": 71.07099465409803,
      "19,1008": 73.64754615911227,
      "19,1009": 41.997909648955044,
      "20,1": 45.48626166217664,
      "20,2": 87.28115489611719,
      "20,3": 10.770329614269007,
      "20,4": 45.70557952810576,
      "20,5": 97.40636529508737,
      "20,6": 45.967379738244816,
      "20,7": 40.80441152620633,
      "20,8": 68.30812543175226,
      "20,9": 33.28663395418648,
      "20,10": 80.65358020571685,
      "20,11": 101.24228365658294,
      "20,12": 54.08326913195984,
      "20,13": 66.2117814289874,
      "20,14": 51.478150704935004,
      "20,15": 84.581321815162,
      "20,16": 5.830951894845301,
      "20,17": 31.76476034853718,
      "20,18": 95.04735661763561,
      "20,19": 65.27633568147036,
      "20,20": 0.0,
      "20,21": 56.22277118748239,
      "20,22": 40.44749683231337,
      "20,23": 32.14031735997639,
      "20,24": 34.92849839314596,
      "20,25": 41.048751503547585,
      "20,1000": 52.14178782562739,
      "20,1001": 47.9772692911335,
      "20,1002": 4.56344363404493,
      "20,1003": 30.804511862994737,
      "20,1004": 77.6257755154248,
      "20,1005": 44.673249333147226,
      "20,1006": 40.68058858748146,
      "20,1007": 5.878153774977119,
      "20,1008": 16.482508997684697,
      "20,1009": 44.50086624218593,
      "21,1": 26.90724809414742,
      "21,2": 33.24154027718932,
      "21,3": 52.23983154643591,
      "21,4": 17.029386365926403,
      "21,5": 45.0,
      "21,6": 36.87817782917155,
      "21,7": 55.60575509783138,
      "21,8": 18.35755975068582,
      "21,9": 30.870698080866262,
      "21,10": 29.732137494637012,
      "21,11": 47.50789408087881,
      "21,12": 8.246211251235321,
      "21,13": 23.345235059857504,
      "21,14": 5.385164807134504,
      "21,15": 36.61966684720111,
      "21,16": 51.03920062069938,
      "21,17": 29.732137494637012,
      "21,18": 39.81205847478876,
      "21,19": 14.212670403551895,
      "21,20": 56.22277118748239,
      "21,21": 0.0,
      "21,22": 16.0312195418814,
      "21,23": 24.08318915758459,
      "21,24": 22.20360331117452,
      "21,25": 68.26419266350405,
      "21,1000": 12.417955486039036,
      "21,1001": 15.353572698182445,
      "21,1002": 57.86592874556242,
      "21,1003": 55.43053954799966,
      "21,1004": 34.54969632179293,
      "21,1005": 14.49078920952499,
      "21,1006": 22.857318537783588,
      "21,1007": 61.76401344914567,
      "21,1008": 62.321425464647874,
      "21,1009": 27.814049234227145,
      "22,1": 19.1049731745428,
      "22,2": 48.76474136094644,
      "22,3": 36.22154055254967,
      "22,4": 14.866068747318506,
      "22,5": 58.137767414994535,
      "22,6": 28.160255680657446,
      "22,7": 43.278170016764804,
      "22,8": 29.154759474226502,
      "22,9": 16.97056274847714,
      "22,10": 41.677331968349414,
      "22,11": 61.465437442517235,
      "22,12": 16.64331697709324,
      "22,13": 29.732137494637012,
      "22,14": 11.045361017187261,
      "22,15": 47.01063709417264,
      "22,16": 35.12833614050059,
      "22,17": 15.0,
      "22,18": 55.731499172371095,
      "22,19": 27.730849247724095,
      "22,20": 40.44749683231337,
      "22,21": 16.0312195418814,
      "22,22": 0.0,
      "22,23": 8.54400374531753,
      "22,24": 6.324555320336759,
      "22,25": 54.67174773134658,
      "22,1000": 17.245462234401423,
      "22,1001": 11.255029520418894,
      "22,1002": 42.39546101972723,
      "22,1003": 41.203924133723,
      "22,1004": 42.08109656509444,
      "22,1005": 10.813178157343046,
      "22,1006": 11.822040620107874,
      "22,1007": 45.8835660616429,
      "22,1008": 46.41566376391161,
      "22,1009": 19.357217888830302,
      "23,1": 22.80350850198276,
      "23,2": 55.90169943749474,
      "23,3": 28.861739379323623,
      "23,4": 17.029386365926403,
      "23,5": 66.64082832618455,
      "23,6": 30.0,
      "23,7": 41.182520563948,
      "23,8": 37.589892258425,
      "23,9": 15.524174696260024,
      "23,10": 50.11985634456667,
      "23,11": 70.00714249274856,
      "23,12": 22.80350850198276,
      "23,13": 37.53664875824692,
      "23,14": 19.4164878389476,
      "23,15": 55.21775076911409,
      "23,16": 27.0,
      "23,17": 12.649110640673518,
      "23,18": 63.28506932918696,
      "23,19": 34.20526275297414,
      "23,20": 32.14031735997639,
      "23,21": 24.08318915758459,
      "23,22": 8.54400374531753,
      "23,23": 0.0,
      "23,24": 5.385164807134504,
      "23,25": 50.99019513592785,
      "23,1000": 21.95264796747576,
      "23,1001": 18.529775753902392,
      "23,1002": 33.916282421454355,
      "23,1003": 37.155548594492245,
      "23,1004": 49.805669121019264,
      "23,1005": 14.251245582233457,
      "23,1006": 15.15070519777936,
      "23,1007": 37.69561582657881,
      "23,1008": 39.472824762305656,
      "23,1009": 22.590450314192786,
      "24,1": 17.46424919657298,
      "24,2": 55.08175741568164,
      "24,3": 30.066592756745816,
      "24,4": 19.4164878389476,
      "24,5": 62.76941930590086,
      "24,6": 25.079872407968907,
      "24,7": 38.01315561749642,
      "24,8": 33.61547262794322,
      "24,9": 11.661903789690601,
      "24,10": 46.09772228646444,
      "24,11": 66.40783086353596,
      "24,12": 22.825424421026653,
      "24,13": 32.802438933713454,
      "24,14": 17.029386365926403,
      "24,15": 50.774009099144415,
      "24,16": 29.427877939124322,
      "24,17": 9.219544457292887,
      "24,18": 61.98386886924694,
      "24,19": 34.0147027033899,
      "24,20": 34.92849839314596,
      "24,21": 22.20360331117452,
      "24,22": 6.324555320336759,
      "24,23": 5.385164807134504,
      "24,24": 0.0,
      "24,25": 48.83646178829912,
      "24,1000": 22.991541010800876,
      "24,1001": 13.776479723191107,
      "24,1002": 37.228903344520184,
      "24,1003": 35.21772214051929,
      "24,1004": 44.96230061496235,
      "24,1005": 15.822288909141783,
      "24,1006": 9.780224051900865,
      "24,1007": 40.18774459821194,
      "24,1008": 40.138746429906206,
      "24,1009": 17.304909308700154,
      "25,1": 43.08131845707603,
      "25,2": 101.11874208078342,
      "25,3": 31.575306807693888,
      "25,4": 67.89698078707183,
      "25,5": 94.42986815621421,
      "25,6": 34.92849839314596,
      "25,7": 14.142135623730951,
      "25,8": 69.92138442565336,
      "25,9": 37.8021163428716,
      "25,10": 79.2464510246358,
      "25,11": 99.72462083156798,
      "25,12": 71.21797525905943,
      "25,13": 63.34824385884742,
      "25,14": 62.96824596572466,
      "25,15": 79.22752047110903,
      "25,16": 38.63935817272331,
      "25,17": 39.698866482558415,
      "25,18": 106.51291001564083,
      "25,19": 81.8413098624405,
      "25,20": 41.048751503547585,
      "25,21": 68.26419266350405,
      "25,22": 54.67174773134658,
      "25,23": 50.99019513592785,
      "25,24": 48.83646178829912,
      "25,25": 0.0,
      "25,1000": 71.80783548701785,
      "25,1001": 53.47199924003589,
      "25,1002": 45.439868467727464,
      "25,1003": 13.873098771631822,
      "25,1004": 70.12162856890212,
      "25,1005": 64.59606280759185,
      "25,1006": 45.411641356098066,
      "25,1007": 39.61252109533529,
      "25,1008": 25.66263233872402,
      "25,1009": 41.898570138647976,
      "1000,1": 34.49884269942393,
      "1000,2": 35.28638118308795,
      "1000,3": 50.538603544098706,
      "1000,4": 6.848604884745638,
      "1000,5": 55.830926036974276,
      "1000,6": 44.285880755269865,
      "1000,7": 60.51210964512054,
      "1000,8": 30.68063077091682,
      "1000,9": 34.20966837246641,
      "1000,10": 41.502151210193894,
      "1000,11": 57.63685655215343,
      "1000,12": 4.310610749907656,
      "1000,13": 35.63185238376917,
      "1000,14": 13.674063209946969,
      "1000,15": 48.72867136139278,
      "1000,16": 47.70267356257275,
      "1000,17": 32.114939856794415,
      "1000,18": 43.43876833669013,
      "1000,19": 13.300852272086567,
      "1000,20": 52.14178782562739,
      "1000,21": 12.417955486039036,
      "1000,22": 17.245462234401423,
      "1000,23": 21.95264796747576,
      "1000,24": 22.991541010800876,
      "1000,25": 71.80783548701785,
      "1000,1000": 0.0,
      "1000,1001": 23.520517757416606,
      "1000,1002": 52.854392288035406,
      "1000,1003": 58.208091982786534,
      "1000,1004": 46.9676015498466,
      "1000,1005": 7.741087220338304,
      "1000,1006": 28.292674659883975,
      "1000,1007": 57.96807976761028,
      "1000,1008": 61.303710712186316,
      "1000,1009": 35.087014075249506,
      "1001,1": 11.587005508282989,
      "1001,2": 47.64970080432816,
      "1001,3": 41.67368446371301,
      "1001,4": 23.95913777950472,
      "1001,5": 49.42998496336142,
      "1001,6": 21.58425012622032,
      "1001,7": 40.450084947770655,
      "1001,8": 20.387722753123388,
      "1001,9": 17.36608864119512,
      "1001,10": 32.67661940257892,
      "1001,11": 53.372414884324044,
      "1001,12": 20.881586724256692,
      "1001,13": 19.044814267619532,
      "1001,14": 10.646910131960851,
      "1001,15": 37.02626350788093,
      "1001,16": 42.28019723871314,
      "1001,17": 17.27218307834053,
      "1001,18": 53.24379145864453,
      "1001,19": 29.536159219489345,
      "1001,20": 47.9772692911335,
      "1001,21": 15.353572698182445,
      "1001,22": 11.255029520418894,
      "1001,23": 18.529775753902392,
      "1001,24": 13.776479723191107,
      "1001,25": 53.47199924003589,
      "1001,1000": 23.520517757416606,
      "1001,1001": 0.0,
      "1001,1002": 50.62504634605983,
      "1001,1003": 41.17332895243387,
      "1001,1004": 31.278129299994802,
      "1001,1005": 19.799837892475868,
      "1001,1006": 8.58060237169995,
      "1001,1007": 52.910888496689786,
      "1001,1008": 50.6663001269018,
      "1001,1009": 12.462953540755132,
      "1002,1": 48.93236674409475,
      "1002,2": 88.12971334025193,
      "1002,3": 15.30291082404423,
      "1002,4": 46.23024181370256,
      "1002,5": 99.96685143124014,
      "1002,6": 49.96160778138343,
      "1002,7": 45.36123471761347,
      "1002,8": 70.8160429593809,
      "1002,9": 36.73554387436085,
      "1002,10": 83.25329532698724,
      "1002,11": 103.63256796192877,
      "1002,12": 55.11083264442519,
      "1002,13": 69.16661469445543,
      "1002,14": 53.33166368101346,
      "1002,15": 87.48250399588144,
      "1002,16": 9.608974080048236,
      "1002,17": 34.98450199537214,
      "1002,18": 96.10290774223206,
      "1002,19": 66.11088189925191,
      "1002,20": 4.56344363404493,
      "1002,21": 57.86592874556242,
      "1002,22": 42.39546101972723,
      "1002,23": 33.916282421454355,
      "1002,24": 37.228903344520184,
      "1002,25": 45.439868467727464,
      "1002,1000": 52.854392288035406,
      "1002,1001": 50.62504634605983,
      "1002,1002": 0.0,
      "1002,1003": 35.36655049406514,
      "1002,1004": 80.78684648387471,
      "1002,1005": 45.605154070680975,
      "1002,1006": 43.70430889184705,
      "1002,1007": 7.536531363389199,
      "1002,1008": 20.459741178471692,
      "1002,1009": 47.997209400041925,
      "1003,1": 31.83504468883651,
      "1003,2": 88.56720401108477,
      "1003,3": 20.25893072044228,
      "1003,4": 54.107849063267274,
      "1003,5": 85.44600322514295,
      "1003,6": 25.59022520460462,
      "1003,7": 10.427577377880496,
      "1003,8": 59.1283651057553,
      "1003,9": 24.602828375885984,
      "1003,10": 69.49369143780926,
      "1003,11": 90.43138028046778,
      "1003,12": 57.83043376723656,
      "1003,13": 53.46580027539745,
      "1003,14": 50.06914034094013,
      "1003,15": 70.5953913749324,
      "1003,16": 27.140338802781436,
      "1003,17": 26.208141495093273,
      "1003,18": 94.41498306319392,
      "1003,19": 68.67511346100031,
      "1003,20": 30.804511862994737,
      "1003,21": 55.43053954799966,
      "1003,22": 41.203924133723,
      "1003,23": 37.155548594492245,
      "1003,24": 35.21772214051929,
      "1003,25": 13.873098771631822,
      "1003,1000": 58.208091982786534,
      "1003,1001": 41.17332895243387,
      "1003,1002": 35.36655049406514,
      "1003,1003": 0.0,
      "1003,1004": 61.88461416766868,
      "1003,1005": 50.88931423271624,
      "1003,1006": 32.7760899625903,
      "1003,1007": 31.052423342560626,
      "1003,1008": 18.839885612544315,
      "1003,1009": 30.595623580814838,
      "1004,1": 32.48355386707592,
      "1004,2": 48.2724380639073,
      "1004,3": 69.64028018587166,
      "1004,4": 50.895999902740066,
      "1004,5": 24.56955755897556,
      "1004,6": 36.294802055290454,
      "1004,7": 56.051728057660775,
      "1004,8": 16.66568991459555,
      "1004,9": 44.47681485482544,
      "1004,10": 13.094225250409126,
      "1004,11": 30.16134727026447,
      "1004,12": 42.75519755499083,
      "1004,13": 12.35297158991081,
      "1004,14": 34.83409545392406,
      "1004,15": 9.283880178822308,
      "1004,16": 71.79934770464739,
      "1004,17": 45.864106463185294,
      "1004,18": 48.56609812908034,
      "1004,19": 43.49377011312326,
      "1004,20": 77.6257755154248,
      "1004,21": 34.54969632179293,
      "1004,22": 42.08109656509444,
      "1004,23": 49.805669121019264,
      "1004,24": 44.96230061496235,
      "1004,25": 70.12162856890212,
      "1004,1000": 46.9676015498466,
      "1004,1001": 31.278129299994802,
      "1004,1002": 80.78684648387471,
      "1004,1003": 61.88461416766868,
      "1004,1004": 0.0,
      "1004,1005": 47.454913549113726,
      "1004,1006": 37.1049449918704,
      "1004,1007": 81.94516548794816,
      "1004,1008": 76.62095467280646,
      "1004,1009": 33.604495731149335,
      "1005,1": 29.5539163236444,
      "1005,2": 42.60929613760495,
      "1005,3": 42.8041219666983,
      "1005,4": 4.200555308455123,
      "1005,5": 59.49005297275569,
      "1005,6": 38.894639322113846,
      "1005,7": 53.768844605984725,
      "1005,8": 32.19202454871513,
