{
  "metadata": {
    "source": "Mankowska HCSRP",
    "seed": 1,
    "sigma": 0.15
  },
  "parameters": {
    "p": 10
  },
  "sets": {
    "customers": [
      1,
      2,
      3,
      4,
      5,
      6,
      7,
      8,
      9,
      10,
      11,
      12,
      13,
      14,
      15,
      16,
      17,
      18,
      19,
      20,
      21,
      22,
      23,
      24,
      25,
      26,
      27,
      28,
      29,
      30,
      31,
      32,
      33,
      34,
      35,
      36,
      37,
      38,
      39,
      40,
      41,
      42,
      43,
      44,
      45,
      46,
      47,
      48,
      49,
      50
    ],
    "facilities": [
      1000,
      1001,
      1002,
      1003,
      1004,
      1005,
      1006,
      1007,
      1008,
      1009,
      1010,
      1011,
      1012,
      1013,
      1014,
      1015,
      1016,
      1017,
      1018,
      1019
    ],
    "vehicles": [
      0,
      1,
      2,
      3,
      4,
      5,
      6,
      7,
      8,
      9
    ]
  },
  "coordinates": {
    "customers": {
      "1": {
        "x": 66.0,
        "y": 49.0
      },
      "2": {
        "x": 41.0,
        "y": 18.0
      },
      "3": {
        "x": 77.0,
        "y": 49.0
      },
      "4": {
        "x": 90.0,
        "y": 19.0
      },
      "5": {
        "x": 8.0,
        "y": 29.0
      },
      "6": {
        "x": 12.0,
        "y": 36.0
      },
      "7": {
        "x": 29.0,
        "y": 36.0
      },
      "8": {
        "x": 53.0,
        "y": 18.0
      },
      "9": {
        "x": 51.0,
        "y": 29.0
      },
      "10": {
        "x": 9.0,
        "y": 5.0
      },
      "11": {
        "x": 97.0,
        "y": 37.0
      },
      "12": {
        "x": 96.0,
        "y": 4.0
      },
      "13": {
        "x": 92.0,
        "y": 44.0
      },
      "14": {
        "x": 31.0,
        "y": 17.0
      },
      "15": {
        "x": 64.0,
        "y": 26.0
      },
      "16": {
        "x": 16.0,
        "y": 18.0
      },
      "17": {
        "x": 73.0,
        "y": 0.0
      },
      "18": {
        "x": 54.0,
        "y": 10.0
      },
      "19": {
        "x": 61.0,
        "y": 37.0
      },
      "20": {
        "x": 70.0,
        "y": 43.0
      },
      "21": {
        "x": 51.0,
        "y": 21.0
      },
      "22": {
        "x": 5.0,
        "y": 47.0
      },
      "23": {
        "x": 66.0,
        "y": 38.0
      },
      "24": {
        "x": 88.0,
        "y": 47.0
      },
      "25": {
        "x": 32.0,
        "y": 39.0
      },
      "26": {
        "x": 35.0,
        "y": 11.0
      },
      "27": {
        "x": 66.0,
        "y": 34.0
      },
      "28": {
        "x": 59.0,
        "y": 24.0
      },
      "29": {
        "x": 65.0,
        "y": 37.0
      },
      "30": {
        "x": 13.0,
        "y": 26.0
      },
      "31": {
        "x": 15.0,
        "y": 38.0
      },
      "32": {
        "x": 35.0,
        "y": 2.0
      },
      "33": {
        "x": 64.0,
        "y": 16.0
      },
      "34": {
        "x": 21.0,
        "y": 48.0
      },
      "35": {
        "x": 33.0,
        "y": 0.0
      },
      "36": {
        "x": 26.0,
        "y": 3.0
      },
      "37": {
        "x": 18.0,
        "y": 19.0
      },
      "38": {
        "x": 86.0,
        "y": 38.0
      },
      "39": {
        "x": 16.0,
        "y": 13.0
      },
      "40": {
        "x": 56.0,
        "y": 11.0
      },
      "41": {
        "x": 14.0,
        "y": 46.0
      },
      "42": {
        "x": 17.0,
        "y": 2.0
      },
      "43": {
        "x": 17.0,
        "y": 0.0
      },
      "44": {
        "x": 16.0,
        "y": 49.0
      },
      "45": {
        "x": 12.0,
        "y": 5.0
      },
      "46": {
        "x": 81.0,
        "y": 45.0
      },
      "47": {
        "x": 89.0,
        "y": 20.0
      },
      "48": {
        "x": 96.0,
        "y": 46.0
      },
      "49": {
        "x": 14.0,
        "y": 38.0
      },
      "50": {
        "x": 0.0,
        "y": 0.0
      }
    },
    "facilities": {
      "1000": {
        "x": 19.50891721986922,
        "y": 36.82824945586993
      },
      "1001": {
        "x": 25.782983255570212,
        "y": -2.375915246235751
      },
      "1002": {
        "x": 10.331987942612267,
        "y": 11.442331511654347
      },
      "1003": {
        "x": 82.58081575149735,
        "y": 38.433833325460704
      },
      "1004": {
        "x": 30.757751873011443,
        "y": 38.916244827637016
      },
      "1005": {
        "x": 60.66168900515145,
        "y": 32.61733083081968
      },
      "1006": {
        "x": 58.375620746753775,
        "y": 15.192069314754672
      },
      "1007": {
        "x": 51.79563229180971,
        "y": 1.4297941053181766
      },
      "1008": {
        "x": 14.751559513251458,
        "y": 30.129086453048668
      },
      "1009": {
        "x": 43.845887258648915,
        "y": 11.718125317894355
      },
      "1010": {
        "x": 26.8508682435213,
        "y": 9.198930575905798
      },
      "1011": {
        "x": -2.5822008038838717,
        "y": 43.65390370720258
      },
      "1012": {
        "x": 20.429688151665367,
        "y": 17.223835393905592
      },
      "1013": {
        "x": 74.7288117359892,
        "y": 47.4421399992283
      },
      "1014": {
        "x": 72.60071386548654,
        "y": 41.40611132828142
      },
      "1015": {
        "x": 14.067370218658352,
        "y": 20.751612122871187
      },
      "1016": {
        "x": 103.64958001663715,
        "y": 10.923948368566254
      },
      "1017": {
        "x": 96.10567641159201,
        "y": 47.78004515965103
      },
      "1018": {
        "x": 71.69051660302684,
        "y": 39.85479947086135
      },
      "1019": {
        "x": 46.94808495108606,
        "y": 16.286279986015487
      }
    }
  },
  "time_windows": {
    "e": {
      "1": 451.0,
      "2": 156.0,
      "3": 146.0,
      "4": 18.0,
      "5": 1.0,
      "6": 83.0,
      "7": 137.0,
      "8": 124.0,
      "9": 310.0,
      "10": 401.0,
      "11": 28.0,
      "12": 428.0,
      "13": 72.0,
      "14": 471.0,
      "15": 349.0,
      "16": 24.0,
      "17": 173.0,
      "18": 120.0,
      "19": 271.0,
      "20": 98.0,
      "21": 249.0,
      "22": 128.0,
      "23": 337.0,
      "24": 379.0,
      "25": 56.0,
      "26": 258.0,
      "27": 52.0,
      "28": 377.0,
      "29": 471.0,
      "30": 92.0,
      "31": 104.0,
      "32": 304.0,
      "33": 156.0,
      "34": 233.0,
      "35": 53.0,
      "36": 79.0,
      "37": 214.0,
      "38": 419.0,
      "39": 101.0,
      "40": 314.0,
      "41": 270.0,
      "42": 466.0,
      "43": 31.0,
      "44": 192.0,
      "45": 125.0,
      "46": 214.0,
      "47": 206.0,
      "48": 88.0,
      "49": 88.0,
      "50": 45.0
    },
    "l": {
      "1": 571.0,
      "2": 276.0,
      "3": 266.0,
      "4": 138.0,
      "5": 121.0,
      "6": 203.0,
      "7": 257.0,
      "8": 244.0,
      "9": 430.0,
      "10": 521.0,
      "11": 148.0,
      "12": 548.0,
      "13": 192.0,
      "14": 591.0,
      "15": 469.0,
      "16": 144.0,
      "17": 293.0,
      "18": 240.0,
      "19": 391.0,
      "20": 218.0,
      "21": 369.0,
      "22": 248.0,
      "23": 457.0,
      "24": 499.0,
      "25": 176.0,
      "26": 378.0,
      "27": 172.0,
      "28": 497.0,
      "29": 591.0,
      "30": 212.0,
      "31": 224.0,
      "32": 424.0,
      "33": 276.0,
      "34": 353.0,
      "35": 173.0,
      "36": 199.0,
      "37": 334.0,
      "38": 539.0,
      "39": 221.0,
      "40": 434.0,
      "41": 390.0,
      "42": 586.0,
      "43": 151.0,
      "44": 312.0,
      "45": 245.0,
      "46": 334.0,
      "47": 326.0,
      "48": 208.0,
      "49": 208.0,
      "50": 165.0
    }
  },
  "travel_time": {
    "matrix": {
      "1,1": 0.0,
      "1,2": 39.824615503479755,
      "1,3": 11.0,
      "1,4": 38.41874542459709,
      "1,5": 61.35144660071187,
      "1,6": 55.54277630799526,
      "1,7": 39.21734310225516,
      "1,8": 33.61547262794322,
      "1,9": 25.0,
      "1,10": 72.00694410957877,
      "1,11": 33.24154027718932,
      "1,12": 54.08326913195984,
      "1,13": 26.476404589747453,
      "1,14": 47.4236228055175,
      "1,15": 23.08679276123039,
      "1,16": 58.83026432033091,
      "1,17": 49.49747468305833,
      "1,18": 40.80441152620633,
      "1,19": 13.0,
      "1,20": 7.211102550927978,
      "1,21": 31.76476034853718,
      "1,22": 61.032778078668514,
      "1,23": 11.0,
      "1,24": 22.090722034374522,
      "1,25": 35.4400902933387,
      "1,26": 49.040799340956916,
      "1,27": 15.0,
      "1,28": 25.96150997149434,
      "1,29": 12.041594578792296,
      "1,30": 57.77542730261716,
      "1,31": 52.172789842982326,
      "1,32": 56.302753041036986,
      "1,33": 33.06055050963308,
      "1,34": 45.0111097397076,
      "1,35": 59.07622195096772,
      "1,36": 60.959002616512684,
      "1,37": 56.60388679233962,
      "1,38": 22.825424421026653,
      "1,39": 61.61168720299745,
      "1,40": 39.293765408777,
      "1,41": 52.08646657242167,
      "1,42": 67.89698078707183,
      "1,43": 69.29646455628166,
      "1,44": 50.0,
      "1,45": 69.65629906907199,
      "1,46": 15.524174696260024,
      "1,47": 37.013511046643494,
      "1,48": 30.14962686336267,
      "1,49": 53.150729063673246,
      "1,50": 82.20097323024831,
      "1,1000": 48.05800962771454,
      "1,1001": 65.24487032104628,
      "1,1002": 67.15285570027487,
      "1,1003": 19.661315550574116,
      "1,1004": 36.65648880376278,
      "1,1005": 17.230479197762673,
      "1,1006": 34.65699548742914,
      "1,1007": 49.645629725605254,
      "1,1008": 54.61239813833777,
      "1,1009": 43.36753268481762,
      "1,1010": 55.8281259275976,
      "1,1011": 68.7902537622599,
      "1,1012": 55.555179407757066,
      "1,1013": 8.86674021861175,
      "1,1014": 10.06163846957751,
      "1,1015": 59.11826666659478,
      "1,1016": 53.546956806795016,
      "1,1017": 30.130384033596034,
      "1,1018": 10.771103561264365,
      "1,1019": 37.85713861591238,
      "2,1": 39.824615503479755,
      "2,2": 0.0,
      "2,3": 47.50789408087881,
      "2,4": 49.01020301937138,
      "2,5": 34.785054261852174,
      "2,6": 34.132096331752024,
      "2,7": 21.633307652783937,
      "2,8": 12.0,
      "2,9": 14.866068747318506,
      "2,10": 34.539832078341085,
      "2,11": 59.135437767890075,
      "2,12": 56.753854494650845,
      "2,13": 57.245087125446844,
      "2,14": 10.04987562112089,
      "2,15": 24.351591323771842,
      "2,16": 25.0,
      "2,17": 36.71511950137164,
      "2,18": 15.264337522473747,
      "2,19": 27.586228448267445,
      "2,20": 38.28837943815329,
      "2,21": 10.44030650891055,
      "2,22": 46.22769732530488,
      "2,23": 32.01562118716424,
      "2,24": 55.226805085936306,
      "2,25": 22.847319317591726,
      "2,26": 9.219544457292887,
      "2,27": 29.68164415931166,
      "2,28": 18.973665961010276,
      "2,29": 30.610455730027933,
      "2,30": 29.120439557122072,
      "2,31": 32.802438933713454,
      "2,32": 17.08800749063506,
      "2,33": 23.08679276123039,
      "2,34": 36.05551275463989,
      "2,35": 19.697715603592208,
      "2,36": 21.213203435596427,
      "2,37": 23.021728866442675,
      "2,38": 49.24428900898052,
      "2,39": 25.495097567963924,
      "2,40": 16.55294535724685,
      "2,41": 38.897300677553446,
      "2,42": 28.844410203711913,
      "2,43": 30.0,
      "2,44": 39.824615503479755,
      "2,45": 31.78049716414141,
      "2,46": 48.25971404805462,
      "2,47": 48.041648597857254,
      "2,48": 61.71709649683789,
      "2,49": 33.60059523282288,
      "2,50": 44.77722635447622,
      "2,1000": 28.572182566876126,
      "2,1001": 25.430995275884094,
      "2,1002": 31.361281535599293,
      "2,1003": 46.33039804418562,
      "2,1004": 23.289331127888858,
      "2,1005": 24.499966839833174,
      "2,1006": 17.60104176087775,
      "2,1007": 19.776688296378463,
      "2,1008": 28.915313696584874,
      "2,1009": 6.896450087590001,
      "2,1010": 16.663035511872373,
      "2,1011": 50.572037751394575,
      "2,1012": 20.584949867159985,
      "2,1013": 44.77133400800072,
      "2,1014": 39.32494328438704,
      "2,1015": 27.07282615859568,
      "2,1016": 63.04792132141817,
      "2,1017": 62.63774151811305,
      "2,1018": 37.676784221483494,
      "2,1019": 6.190036419252114,
      "3,1": 11.0,
      "3,2": 47.50789408087881,
      "3,3": 0.0,
      "3,4": 32.69556544854363,
      "3,5": 71.84010022264724,
      "3,6": 66.2872536767062,
      "3,7": 49.72926703662542,
      "3,8": 39.20459156782532,
      "3,9": 32.802438933713454,
      "3,10": 80.99382692526635,
      "3,11": 23.323807579381203,
      "3,12": 48.84669896727925,
      "3,13": 15.811388300841896,
      "3,14": 56.0357029044876,
      "3,15": 26.419689627245813,
      "3,16": 68.42514157822401,
      "3,17": 49.16299421312742,
      "3,18": 45.27692569068709,
      "3,19": 20.0,
      "3,20": 9.219544457292887,
      "3,21": 38.2099463490856,
      "3,22": 72.02777242147643,
      "3,23": 15.556349186104045,
      "3,24": 11.180339887498949,
      "3,25": 46.09772228646444,
      "3,26": 56.639209034025185,
      "3,27": 18.601075237738275,
      "3,28": 30.805843601498726,
      "3,29": 16.97056274847714,
      "3,30": 68.00735254367721,
      "3,31": 62.96824596572466,
      "3,32": 63.0317380372777,
      "3,33": 35.4682957019364,
      "3,34": 56.00892785976178,
      "3,35": 65.85590330410783,
      "3,36": 68.6804193347711,
      "3,37": 66.18912297349165,
      "3,38": 14.212670403551895,
      "3,39": 70.83078426785913,
      "3,40": 43.41658669218482,
      "3,41": 63.071388124885914,
      "3,42": 76.21679604916491,
      "3,43": 77.46612162745726,
      "3,44": 61.0,
      "3,45": 78.49203781276162,
      "3,46": 5.656854249492381,
      "3,47": 31.38470965295043,
      "3,48": 19.235384061671343,
      "3,49": 63.953107821277925,
      "3,50": 91.26883367283708,
      "3,1000": 58.76543295629141,
      "3,1001": 72.54424492396072,
      "3,1002": 76.51929360602114,
      "3,1003": 11.949451144144897,
      "3,1004": 47.32893016130973,
      "3,1005": 23.13724822167062,
      "3,1006": 38.59849323208227,
      "3,1007": 53.83479024229672,
      "3,1008": 65.04598159093909,
      "3,1009": 49.891215373835585,
      "3,1010": 64.02390602915622,
      "3,1011": 79.76156612279848,
      "3,1012": 64.88393344805351,
      "3,1013": 2.7541285214355553,
      "3,1014": 8.776153123765456,
      "3,1015": 68.98178969012132,
      "3,1016": 46.4756476329567,
      "3,1017": 19.144585682561907,
      "3,1018": 10.574748538896397,
      "3,1019": 44.42189860035826,
      "4,1": 38.41874542459709,
      "4,2": 49.01020301937138,
      "4,3": 32.69556544854363,
      "4,4": 0.0,
      "4,5": 82.60750571225353,
      "4,6": 79.83107164506812,
      "4,7": 63.324560795950255,
      "4,8": 37.013511046643494,
      "4,9": 40.26164427839479,
      "4,10": 82.20097323024831,
      "4,11": 19.313207915827967,
      "4,12": 16.15549442140351,
      "4,13": 25.079872407968907,
      "4,14": 59.033888572581766,
      "4,15": 26.92582403567252,
      "4,16": 74.00675644831355,
      "4,17": 25.495097567963924,
      "4,18": 37.107950630558946,
      "4,19": 34.132096331752024,
      "4,20": 31.240998703626616,
      "4,21": 39.05124837953327,
      "4,22": 89.49301648732151,
      "4,23": 30.610455730027933,
      "4,24": 28.071337695236398,
      "4,25": 61.35144660071187,
      "4,26": 55.57877292636101,
      "4,27": 28.30194339616981,
      "4,28": 31.400636936215164,
      "4,29": 30.805843601498726,
      "4,30": 77.31752712031083,
      "4,31": 77.3692445355388,
      "4,32": 57.56735185849702,
      "4,33": 26.1725046566048,
      "4,34": 74.84650960465692,
      "4,35": 60.08327554319921,
      "4,36": 65.96969000988257,
      "4,37": 72.0,
      "4,38": 19.4164878389476,
      "4,39": 74.24284477308234,
      "4,40": 34.92849839314596,
      "4,41": 80.65358020571685,
      "4,42": 74.95331880577403,
      "4,43": 75.43208866258443,
      "4,44": 79.84985911070852,
      "4,45": 79.2464510246358,
      "4,46": 27.51363298439521,
      "4,47": 1.4142135623730951,
      "4,48": 27.65863337187866,
      "4,49": 78.33900688673555,
      "4,50": 91.98369420718001,
      "4,1000": 72.71065417238368,
      "4,1001": 67.68127504833689,
      "4,1002": 80.02568648975033,
      "4,1003": 20.80187906500316,
      "4,1004": 62.50040616807268,
      "4,1005": 32.344523353829835,
      "4,1006": 31.852813050918805,
      "4,1007": 42.05099103664651,
      "4,1008": 76.06697286580535,
      "4,1009": 46.72502350804371,
      "4,1010": 63.9051938691451,
      "4,1011": 95.8085532387098,
      "4,1012": 69.59298133707502,
      "4,1013": 32.282572988077696,
      "4,1014": 28.36845048369779,
      "4,1015": 75.95283016806735,
      "4,1016": 15.859812249335228,
      "4,1017": 29.420575858310862,
      "4,1018": 27.75175387671696,
      "4,1019": 43.13735812139175,
      "5,1": 61.35144660071187,
      "5,2": 34.785054261852174,
      "5,3": 71.84010022264724,
      "5,4": 82.60750571225353,
      "5,5": 0.0,
      "5,6": 8.06225774829855,
      "5,7": 22.135943621178654,
      "5,8": 46.32493928760188,
      "5,9": 43.0,
      "5,10": 24.020824298928627,
      "5,11": 89.35882720806042,
      "5,12": 91.48223871331527,
      "5,13": 85.32877591996736,
      "5,14": 25.942243542145693,
      "5,15": 56.08029957123981,
      "5,16": 13.601470508735444,
      "5,17": 71.17583859709698,
      "5,18": 49.76946855251722,
      "5,19": 53.600373133029585,
      "5,20": 63.56099432828282,
      "5,21": 43.73785545725808,
      "5,22": 18.24828759089466,
      "5,23": 58.69412236331676,
      "5,24": 82.0,
      "5,25": 26.0,
      "5,26": 32.449961479175904,
      "5,27": 58.215118311311535,
      "5,28": 51.24451190127583,
      "5,29": 57.55866572463264,
      "5,30": 5.830951894845301,
      "5,31": 11.40175425099138,
      "5,32": 38.18376618407357,
      "5,33": 57.48912940721924,
      "5,34": 23.021728866442675,
      "5,35": 38.28837943815329,
      "5,36": 31.622776601683793,
      "5,37": 14.142135623730951,
      "5,38": 78.5175139698144,
      "5,39": 17.88854381999832,
      "5,40": 51.264022471905186,
      "5,41": 18.027756377319946,
      "5,42": 28.460498941515414,
      "5,43": 30.364452901377952,
      "5,44": 21.540659228538015,
      "5,45": 24.331050121192877,
      "5,46": 74.73285756613352,
      "5,47": 81.49846624323675,
      "5,48": 89.62700485902673,
      "5,49": 10.816653826391969,
      "5,50": 30.083217912982647,
      "5,1000": 13.91893189569983,
      "5,1001": 36.064976791991135,
      "5,1002": 17.711857342219506,
      "5,1003": 75.1750975348311,
      "5,1004": 24.824326411711432,
      "5,1005": 52.7857800095337,
      "5,1006": 52.23372584288152,
      "5,1007": 51.75107400735325,
      "5,1008": 6.84531899033451,
      "5,1009": 39.79435670905829,
      "5,1010": 27.339304743764025,
      "5,1011": 18.07539398501969,
      "5,1012": 17.122359661491785,
      "5,1013": 69.23038959480313,
      "5,1014": 65.78118142919126,
      "5,1015": 10.239574402377663,
      "5,1016": 97.34262067533075,
      "5,1017": 90.08496163146596,
      "5,1018": 64.60888930103232,
      "5,1019": 40.970623597292324,
      "6,1": 55.54277630799526,
      "6,2": 34.132096331752024,
      "6,3": 66.2872536767062,
      "6,4": 79.83107164506812,
      "6,5": 8.06225774829855,
      "6,6": 0.0,
      "6,7": 17.0,
      "6,8": 44.77722635447622,
      "6,9": 39.6232255123179,
      "6,10": 31.144823004794873,
      "6,11": 85.00588214941364,
      "6,12": 89.88882021697692,
      "6,13": 80.39900496896712,
      "6,14": 26.870057685088806,
      "6,15": 52.952809179494906,
      "6,16": 18.439088914585774,
      "6,17": 70.83078426785913,
      "6,18": 49.39635614091387,
      "6,19": 49.01020301937138,
      "6,20": 58.42088667591412,
      "6,21": 41.78516483155236,
      "6,22": 13.038404810405298,
      "6,23": 54.037024344425184,
      "6,24": 76.79192665899195,
      "6,25": 20.223748416156685,
      "6,26": 33.97057550292606,
      "6,27": 54.037024344425184,
      "6,28": 48.507731342539614,
      "6,29": 53.009433122794285,
      "6,30": 10.04987562112089,
      "6,31": 3.605551275463989,
      "6,32": 41.048751503547585,
      "6,33": 55.71355310873648,
      "6,34": 15.0,
      "6,35": 41.677331968349414,
      "6,36": 35.84689665786984,
      "6,37": 18.027756377319946,
      "6,38": 74.02702209328699,
      "6,39": 23.345235059857504,
      "6,40": 50.60632371551998,
      "6,41": 10.198039027185569,
      "6,42": 34.36568055487916,
      "6,43": 36.345563690772494,
      "6,44": 13.601470508735444,
      "6,45": 31.0,
      "6,46": 69.58448102845921,
      "6,47": 78.64477096412705,
      "6,48": 84.5931439302264,
      "6,49": 2.8284271247461903,
      "6,50": 37.94733192202055,
      "6,1000": 7.554457953817554,
      "6,1001": 40.775991691307745,
      "6,1002": 24.614250868289208,
      "6,1003": 70.62276613672775,
      "6,1004": 18.983090876466456,
      "6,1005": 48.77911876553533,
      "6,1006": 50.82979617359008,
      "6,1007": 52.71424366436098,
      "6,1008": 6.483726214974015,
      "6,1009": 40.04709694057811,
      "6,1010": 30.64058762265415,
      "6,1011": 16.468843986264513,
      "6,1012": 20.581642297189987,
      "6,1013": 63.763832927225415,
      "6,1014": 60.841372113886,
      "6,1015": 15.387896297816814,
      "6,1016": 95.01817659084132,
      "6,1017": 84.92664051176665,
      "6,1018": 59.81485811482608,
      "6,1019": 40.124797800588375,
      "7,1": 39.21734310225516,
      "7,2": 21.633307652783937,
      "7,3": 49.72926703662542,
      "7,4": 63.324560795950255,
      "7,5": 22.135943621178654,
      "7,6": 17.0,
      "7,7": 0.0,
      "7,8": 30.0,
      "7,9": 23.08679276123039,
      "7,10": 36.89173349139343,
      "7,11": 68.00735254367721,
      "7,12": 74.24957912338628,
      "7,13": 63.50590523722971,
      "7,14": 19.1049731745428,
      "7,15": 36.40054944640259,
      "7,16": 22.20360331117452,
      "7,17": 56.85068161420758,
      "7,18": 36.069377593742864,
      "7,19": 32.01562118716424,
      "7,20": 41.593268686170845,
      "7,21": 26.627053911388696,
      "7,22": 26.40075756488817,
      "7,23": 37.05401462729781,
      "7,24": 60.01666435249463,
      "7,25": 4.242640687119285,
      "7,26": 25.709920264364882,
      "7,27": 37.05401462729781,
      "7,28": 32.31098884280702,
      "7,29": 36.013886210738214,
      "7,30": 18.867962264113206,
      "7,31": 14.142135623730951,
      "7,32": 34.52535300326414,
      "7,33": 40.311288741492746,
      "7,34": 14.422205101855956,
      "7,35": 36.22154055254967,
      "7,36": 33.13608305156178,
      "7,37": 20.248456731316587,
      "7,38": 57.0350769263968,
      "7,39": 26.419689627245813,
      "7,40": 36.796738985948195,
      "7,41": 18.027756377319946,
      "7,42": 36.05551275463989,
      "7,43": 37.94733192202055,
      "7,44": 18.384776310850235,
      "7,45": 35.35533905932738,
      "7,46": 52.773099207835045,
      "7,47": 62.0966987850401,
      "7,48": 67.7421582177598,
      "7,49": 15.132745950421556,
      "7,50": 46.22769732530488,
      "7,1000": 9.527153273693242,
      "7,1001": 38.510518923019085,
      "7,1002": 30.84758914012988,
      "7,1003": 53.63606399850785,
      "7,1004": 3.4050221059186803,
      "7,1005": 31.841874966261823,
      "7,1006": 35.99857043910334,
      "7,1007": 41.40941906359097,
      "7,1008": 15.410570469005737,
      "7,1009": 28.46067122493771,
      "7,1010": 26.88709894320736,
      "7,1011": 32.49642518148685,
      "7,1012": 20.639636685098345,
      "7,1013": 47.13859130847552,
      "7,1014": 43.934591033419245,
      "7,1015": 21.342370183228958,
      "7,1016": 78.74876609879448,
      "7,1017": 68.1317933906096,
      "7,1018": 42.86420052670833,
      "7,1019": 26.66016710752533,
      "8,1": 33.61547262794322,
      "8,2": 12.0,
      "8,3": 39.20459156782532,
      "8,4": 37.013511046643494,
      "8,5": 46.32493928760188,
      "8,6": 44.77722635447622,
      "8,7": 30.0,
      "8,8": 0.0,
      "8,9": 11.180339887498949,
      "8,10": 45.880278987817846,
      "8,11": 47.92702786528704,
      "8,12": 45.221676218380054,
      "8,13": 46.87216658103186,
      "8,14": 22.02271554554524,
      "8,15": 13.601470508735444,
      "8,16": 37.0,
      "8,17": 26.90724809414742,
      "8,18": 8.06225774829855,
      "8,19": 20.615528128088304,
      "8,20": 30.23243291566195,
      "8,21": 3.605551275463989,
      "8,22": 56.08029957123981,
      "8,23": 23.853720883753127,
      "8,24": 45.45327270945405,
      "8,25": 29.698484809834994,
      "8,26": 19.313207915827967,
      "8,27": 20.615528128088304,
      "8,28": 8.48528137423857,
      "8,29": 22.47220505424423,
      "8,30": 40.792156108742276,
      "8,31": 42.941821107167776,
      "8,32": 24.08318915758459,
      "8,33": 11.180339887498949,
      "8,34": 43.86342439892262,
      "8,35": 26.90724809414742,
      "8,36": 30.886890422961002,
      "8,37": 35.014282800023196,
      "8,38": 38.58756276314948,
      "8,39": 37.33630940518894,
      "8,40": 7.615773105863909,
      "8,41": 48.010415536631214,
      "8,42": 39.395431207184416,
      "8,43": 40.24922359499622,
      "8,44": 48.27007354458868,
      "8,45": 43.01162633521314,
      "8,46": 38.897300677553446,
      "8,47": 36.05551275463989,
      "8,48": 51.31276644267,
      "8,49": 43.829214001622255,
      "8,50": 55.97320787662612,
      "8,1000": 38.42077046804292,
      "8,1001": 33.9991753221803,
      "8,1002": 43.16899661716064,
      "8,1003": 35.95227676930548,
      "8,1004": 30.53206346502277,
      "8,1005": 16.503570493359618,
      "8,1006": 6.064797865227819,
      "8,1007": 16.61391660532458,
      "8,1008": 40.12552725951242,
      "8,1009": 11.1022398462223,
      "8,1010": 27.590504066171185,
      "8,1011": 61.2168589656615,
      "8,1012": 32.5795587047081,
      "8,1013": 36.59208749432343,
      "8,1014": 30.52923241007838,
      "8,1015": 39.02974546375805,
      "8,1016": 51.14147497435369,
      "8,1017": 52.3922745126773,
      "8,1018": 28.757045585379306,
      "8,1019": 6.289873770243892,
      "9,1": 25.0,
      "9,2": 14.866068747318506,
      "9,3": 32.802438933713454,
      "9,4": 40.26164427839479,
      "9,5": 43.0,
      "9,6": 39.6232255123179,
      "9,7": 23.08679276123039,
      "9,8": 11.180339887498949,
      "9,9": 0.0,
      "9,10": 48.373546489791295,
      "9,11": 46.69047011971501,
      "9,12": 51.478150704935004,
      "9,13": 43.657759905886145,
      "9,14": 23.323807579381203,
      "9,15": 13.341664064126334,
      "9,16": 36.68787265568828,
      "9,17": 36.40054944640259,
      "9,18": 19.235384061671343,
      "9,19": 12.806248474865697,
      "9,20": 23.600847442411894,
      "9,21": 8.0,
      "9,22": 49.39635614091387,
      "9,23": 17.4928556845359,
      "9,24": 41.14608122288197,
      "9,25": 21.470910553583888,
      "9,26": 24.08318915758459,
      "9,27": 15.811388300841896,
      "9,28": 9.433981132056603,
      "9,29": 16.1245154965971,
      "9,30": 38.118237105091836,
      "9,31": 37.107950630558946,
      "9,32": 31.38470965295043,
      "9,33": 18.384776310850235,
      "9,34": 35.510561809129406,
      "9,35": 34.132096331752024,
      "9,36": 36.069377593742864,
      "9,37": 34.48187929913333,
      "9,38": 36.138621999185304,
      "9,39": 38.48376280978771,
      "9,40": 18.681541692269406,
      "9,41": 40.718546143004666,
      "9,42": 43.41658669218482,
      "9,43": 44.68780594300866,
      "9,44": 40.311288741492746,
      "9,45": 45.79301256742124,
      "9,46": 34.0,
      "9,47": 39.05124837953327,
      "9,48": 48.104053883222775,
      "9,49": 38.07886552931954,
      "9,50": 58.66856057549052,
      "9,1000": 32.44949590068199,
      "9,1001": 40.253521473627885,
      "9,1002": 44.29626313185437,
      "9,1003": 32.95975022269732,
      "9,1004": 22.540641532933563,
      "9,1005": 10.316652401426689,
      "9,1006": 15.654351829714452,
      "9,1007": 27.581683846692876,
      "9,1008": 36.266020927857646,
      "9,1009": 18.70413113844014,
      "9,1010": 31.229199716444324,
      "9,1011": 55.54987971947103,
      "9,1012": 32.76006745008715,
      "9,1013": 30.052770823222858,
      "9,1014": 24.909886346355236,
      "9,1015": 37.8425031563348,
      "9,1016": 55.666164934460284,
      "9,1017": 48.85910499329455,
      "9,1018": 23.365019770005354,
      "9,1019": 13.343788523414393,
      "10,1": 72.00694410957877,
      "10,2": 34.539832078341085,
      "10,3": 80.99382692526635,
      "10,4": 82.20097323024831,
      "10,5": 24.020824298928627,
      "10,6": 31.144823004794873,
      "10,7": 36.89173349139343,
      "10,8": 45.880278987817846,
      "10,9": 48.373546489791295,
      "10,10": 0.0,
      "10,11": 93.637599285757,
      "10,12": 87.00574693662483,
      "10,13": 91.706052144883,
      "10,14": 25.059928172283335,
      "10,15": 58.872744118140105,
      "10,16": 14.7648230602334,
      "10,17": 64.19501538281614,
      "10,18": 45.27692569068709,
      "10,19": 61.05735008989499,
      "10,20": 71.8679344353238,
      "10,21": 44.94441010848846,
      "10,22": 42.190046219457976,
      "10,23": 65.86349520030045,
      "10,24": 89.47066558375433,
      "10,25": 41.048751503547585,
      "10,26": 26.68332812825267,
      "10,27": 63.953107821277925,
      "10,28": 53.48831648126533,
      "10,29": 64.4980619863884,
      "10,30": 21.37755832643195,
      "10,31": 33.54101966249684,
      "10,32": 26.1725046566048,
      "10,33": 56.089214649520635,
      "10,34": 44.64302857109943,
      "10,35": 24.515301344262525,
      "10,36": 17.11724276862369,
      "10,37": 16.64331697709324,
      "10,38": 83.773504164503,
      "10,39": 10.63014581273465,
      "10,40": 47.38143096192854,
      "10,41": 41.30375285612676,
      "10,42": 8.54400374531753,
      "10,43": 9.433981132056603,
      "10,44": 44.553338819890925,
      "10,45": 3.0,
      "10,46": 82.365041127896,
      "10,47": 81.39410298049853,
      "10,48": 96.17692030835673,
      "10,49": 33.37663853655727,
      "10,50": 10.295630140987,
      "10,1000": 33.51827567998014,
      "10,1001": 18.332284436927196,
      "10,1002": 6.578588540509205,
      "10,1003": 80.82052745120195,
      "10,1004": 40.2953028252146,
      "10,1005": 58.58026180450143,
      "10,1006": 50.41656673201801,
      "10,1007": 42.94429546966869,
      "10,1008": 25.778894910357725,
      "10,1009": 35.48759031872133,
      "10,1010": 18.338061921283664,
      "10,1011": 40.351848127033506,
      "10,1012": 16.734990976442706,
      "10,1013": 78.24073069660844,
      "10,1014": 73.2833933865423,
      "10,1015": 16.546646953456406,
      "10,1016": 94.83478350056606,
      "10,1017": 97.04396491788017,
      "10,1018": 71.72836202025208,
      "10,1019": 39.590873536429804,
      "11,1": 33.24154027718932,
      "11,2": 59.135437767890075,
      "11,3": 23.323807579381203,
      "11,4": 19.313207915827967,
      "11,5": 89.35882720806042,
      "11,6": 85.00588214941364,
      "11,7": 68.00735254367721,
      "11,8": 47.92702786528704,
      "11,9": 46.69047011971501,
      "11,10": 93.637599285757,
      "11,11": 0.0,
      "11,12": 33.015148038438355,
      "11,13": 8.602325267042627,
      "11,14": 68.96375859826666,
      "11,15": 34.785054261852174,
      "11,16": 83.19855767980596,
      "11,17": 44.10215414239989,
      "11,18": 50.774009099144415,
      "11,19": 36.0,
      "11,20": 27.65863337187866,
      "11,21": 48.703182647543684,
      "11,22": 92.5418824100742,
      "11,23": 31.016124838541646,
      "11,24": 13.45362404707371,
      "11,25": 65.03076195155643,
      "11,26": 67.23094525588644,
      "11,27": 31.144823004794873,
      "11,28": 40.162171256046406,
      "11,29": 32.0,
      "11,30": 84.71717653463199,
      "11,31": 82.00609733428362,
      "11,32": 71.19691004531025,
      "11,33": 39.11521443121589,
      "11,34": 76.79192665899195,
      "11,35": 73.92563831310488,
      "11,36": 78.7210264160726,
      "11,37": 81.02468759581859,
      "11,38": 11.045361017187261,
      "11,39": 84.48076704197234,
      "11,40": 48.54894437575342,
      "11,41": 83.48652585896721,
      "11,42": 87.32124598286491,
      "11,43": 88.14193099768123,
      "11,44": 81.88406438373708,
      "11,45": 90.82400563727631,
      "11,46": 17.88854381999832,
      "11,47": 18.788294228055936,
      "11,48": 9.055385138137417,
      "11,49": 83.00602387778854,
      "11,50": 103.81714694596457,
      "11,1000": 77.49127311308345,
      "11,1001": 81.37767614926794,
      "11,1002": 90.35783713956239,
      "11,1003": 14.49029856136403,
      "11,1004": 66.26995873815649,
      "11,1005": 36.60164798208975,
      "11,1006": 44.35570440733708,
      "11,1007": 57.52107793919838,
      "11,1008": 82.53493451546379,
      "11,1009": 58.860282778474286,
      "11,1010": 75.45727365410914,
      "11,1011": 99.80425417530944,
      "11,1012": 79.08292700120903,
      "11,1013": 24.597644489960743,
      "11,1014": 24.79393032399403,
      "11,1015": 84.5093556421696,
      "11,1016": 26.910544087454987,
      "11,1017": 10.817078548522174,
      "11,1018": 25.46997899175597,
      "11,1019": 54.168740034095684,
      "12,1": 54.08326913195984,
      "12,2": 56.753854494650845,
      "12,3": 48.84669896727925,
      "12,4": 16.15549442140351,
      "12,5": 91.48223871331527,
      "12,6": 89.88882021697692,
      "12,7": 74.24957912338628,
      "12,8": 45.221676218380054,
      "12,9": 51.478150704935004,
      "12,10": 87.00574693662483,
      "12,11": 33.015148038438355,
      "12,12": 0.0,
      "12,13": 40.19950248448356,
      "12,14": 66.2872536767062,
      "12,15": 38.8329756778952,
      "12,16": 81.21576201698781,
      "12,17": 23.345235059857504,
      "12,18": 42.42640687119285,
      "12,19": 48.104053883222775,
      "12,20": 46.87216658103186,
      "12,21": 48.104053883222775,
      "12,22": 100.64790112068906,
      "12,23": 45.34313619501854,
      "12,24": 43.73785545725808,
      "12,25": 72.94518489934754,
      "12,26": 61.40032573203501,
      "12,27": 42.42640687119285,
      "12,28": 42.05948168962618,
      "12,29": 45.27692569068709,
      "12,30": 85.86617494683223,
      "12,31": 87.84645695758026,
      "12,32": 61.032778078668514,
      "12,33": 34.17601498127012,
      "12,34": 86.95401083331349,
      "12,35": 63.12685640834652,
      "12,36": 70.00714249274856,
      "12,37": 79.42921376924235,
      "12,38": 35.4400902933387,
      "12,39": 80.50465825031493,
      "12,40": 40.607881008493905,
      "12,41": 92.13034245024816,
      "12,42": 79.02531240052139,
      "12,43": 79.1012010022604,
      "12,44": 91.7877987534291,
      "12,45": 84.00595217006948,
      "12,46": 43.657759905886145,
      "12,47": 17.46424919657298,
      "12,48": 42.0,
      "12,49": 88.76936408468859,
      "12,50": 96.08329719571451,
      "12,1000": 83.23809048274501,
      "12,1001": 70.50589858809484,
      "12,1002": 85.99067733303472,
      "12,1003": 36.95623605537866,
      "12,1004": 73.99793979244983,
      "12,1005": 45.47249550936496,
      "12,1006": 39.253742875531984,
      "12,1007": 44.27902531472383,
      "12,1008": 85.34657720377315,
      "12,1009": 52.72211048753911,
      "12,1010": 69.34429538042721,
      "12,1011": 106.25856386455341,
      "12,1012": 76.71858872124575,
      "12,1013": 48.370269565876335,
      "12,1014": 44.121919227393285,
      "12,1015": 83.62758116555517,
      "12,1016": 10.317806716618879,
      "12,1017": 43.780172700493665,
      "12,1018": 43.31879070476683,
      "12,1019": 50.56721315101945,
      "13,1": 26.476404589747453,
      "13,2": 57.245087125446844,
      "13,3": 15.811388300841896,
      "13,4": 25.079872407968907,
      "13,5": 85.32877591996736,
      "13,6": 80.39900496896712,
      "13,7": 63.50590523722971,
      "13,8": 46.87216658103186,
      "13,9": 43.657759905886145,
      "13,10": 91.706052144883,
      "13,11": 8.602325267042627,
      "13,12": 40.19950248448356,
      "13,13": 0.0,
      "13,14": 66.70832032063167,
      "13,15": 33.28663395418648,
      "13,16": 80.32434251209281,
      "13,17": 47.92702786528704,
      "13,18": 50.99019513592785,
      "13,19": 31.78049716414141,
      "13,20": 22.02271554554524,
      "13,21": 47.01063709417264,
      "13,22": 87.05170877128145,
      "13,23": 26.68332812825267,
      "13,24": 5.0,
      "13,25": 60.207972893961475,
      "13,26": 65.86349520030045,
      "13,27": 27.85677655436824,
      "13,28": 38.58756276314948,
      "13,29": 27.892651361962706,
      "13,30": 81.02468759581859,
      "13,31": 77.23341245859851,
      "13,32": 70.80254232723568,
      "13,33": 39.59797974644666,
      "13,34": 71.11258679024411,
      "13,35": 73.60027173862879,
      "13,36": 77.69813382572325,
      "13,37": 78.10889834071403,
      "13,38": 8.48528137423857,
      "13,39": 82.0792300158816,
      "13,40": 48.83646178829912,
      "13,41": 78.02563681252464,
      "13,42": 85.95929269136641,
      "13,43": 86.95401083331349,
      "13,44": 76.16429609731846,
      "13,45": 89.0,
      "13,46": 11.045361017187261,
      "13,47": 24.186773244895647,
      "13,48": 4.47213595499958,
      "13,49": 78.23042886243178,
      "13,50": 101.9803902718557,
      "13,1000": 72.84497984420754,
      "13,1001": 80.84193726932907,
      "13,1002": 87.91851892976042,
      "13,1003": 10.940897739947678,
      "13,1004": 61.45288864081298,
      "13,1005": 33.341489070298785,
      "13,1006": 44.27748581990665,
      "13,1007": 58.554364591642326,
      "13,1008": 78.48390790640924,
      "13,1009": 57.97359749832612,
      "13,1010": 73.86151773206157,
      "13,1011": 94.58283402156069,
      "13,1012": 76.41513285390879,
      "13,1013": 17.610856646545958,
      "13,1014": 19.57193299012635,
      "13,1015": 81.32639376931138,
      "13,1016": 35.067619053612724,
      "13,1017": 5.580799244347021,
      "13,1018": 20.72818861547482,
      "13,1019": 52.89352821081313,
      "14,1": 47.4236228055175,
      "14,2": 10.04987562112089,
      "14,3": 56.0357029044876,
      "14,4": 59.033888572581766,
      "14,5": 25.942243542145693,
      "14,6": 26.870057685088806,
      "14,7": 19.1049731745428,
      "14,8": 22.02271554554524,
      "14,9": 23.323807579381203,
      "14,10": 25.059928172283335,
      "14,11": 68.96375859826666,
      "14,12": 66.2872536767062,
      "14,13": 66.70832032063167,
      "14,14": 0.0,
      "14,15": 34.20526275297414,
      "14,16": 15.033296378372908,
      "14,17": 45.31004303683677,
      "14,18": 24.041630560342615,
      "14,19": 36.05551275463989,
      "14,20": 46.87216658103186,
      "14,21": 20.396078054371138,
      "14,22": 39.698866482558415,
      "14,23": 40.8166632639171,
      "14,24": 64.41273166075166,
      "14,25": 22.02271554554524,
      "14,26": 7.211102550927978,
      "14,27": 38.91015291668744,
      "14,28": 28.861739379323623,
      "14,29": 39.44616584663204,
      "14,30": 20.12461179749811,
      "14,31": 26.40075756488817,
      "14,32": 15.524174696260024,
      "14,33": 33.015148038438355,
      "14,34": 32.57299494980466,
      "14,35": 17.11724276862369,
      "14,36": 14.866068747318506,
      "14,37": 13.152946437965905,
      "14,38": 58.872744118140105,
      "14,39": 15.524174696260024,
      "14,40": 25.709920264364882,
      "14,41": 33.61547262794322,
      "14,42": 20.518284528683193,
      "14,43": 22.02271554554524,
      "14,44": 35.34119409414458,
      "14,45": 22.47220505424423,
      "14,46": 57.30619512757761,
      "14,47": 58.077534382926416,
      "14,48": 71.17583859709698,
      "14,49": 27.018512172212592,
      "14,50": 35.35533905932738,
      "14,1000": 22.917339722228327,
      "14,1001": 20.065975065791637,
      "14,1002": 21.402205527250576,
      "14,1003": 55.856868553594616,
