{
  "metadata": {
    "source": "Mankowska HCSRP",
    "seed": 1,
    "sigma": 0.15
  },
  "parameters": {
    "p": 5
  },
  "sets": {
    "customers": [
      1,
      2,
      3,
      4,
      5,
      6,
      7,
      8,
      9,
      10,
      11,
      12,
      13,
      14,
      15,
      16,
      17,
      18,
      19,
      20,
      21,
      22,
      23,
      24,
      25
    ],
    "facilities": [
      1000,
      1001,
      1002,
      1003,
      1004,
      1005,
      1006,
      1007,
      1008,
      1009
    ],
    "vehicles": [
      0,
      1,
      2,
      3,
      4
    ]
  },
  "coordinates": {
    "customers": {
      "1": {
        "x": 66.0,
        "y": 39.0
      },
      "2": {
        "x": 41.0,
        "y": 35.0
      },
      "3": {
        "x": 77.0,
        "y": 13.0
      },
      "4": {
        "x": 90.0,
        "y": 16.0
      },
      "5": {
        "x": 8.0,
        "y": 25.0
      },
      "6": {
        "x": 12.0,
        "y": 9.0
      },
      "7": {
        "x": 29.0,
        "y": 23.0
      },
      "8": {
        "x": 53.0,
        "y": 15.0
      },
      "9": {
        "x": 51.0,
        "y": 20.0
      },
      "10": {
        "x": 9.0,
        "y": 13.0
      },
      "11": {
        "x": 97.0,
        "y": 14.0
      },
      "12": {
        "x": 96.0,
        "y": 15.0
      },
      "13": {
        "x": 92.0,
        "y": 6.0
      },
      "14": {
        "x": 31.0,
        "y": 35.0
      },
      "15": {
        "x": 64.0,
        "y": 26.0
      },
      "16": {
        "x": 16.0,
        "y": 14.0
      },
      "17": {
        "x": 73.0,
        "y": 9.0
      },
      "18": {
        "x": 54.0,
        "y": 21.0
      },
      "19": {
        "x": 61.0,
        "y": 37.0
      },
      "20": {
        "x": 70.0,
        "y": 33.0
      },
      "21": {
        "x": 51.0,
        "y": 8.0
      },
      "22": {
        "x": 5.0,
        "y": 26.0
      },
      "23": {
        "x": 66.0,
        "y": 13.0
      },
      "24": {
        "x": 88.0,
        "y": 18.0
      },
      "25": {
        "x": 0.0,
        "y": 0.0
      }
    },
    "facilities": {
      "1000": {
        "x": 96.7153020783974,
        "y": 14.655341358101067
      },
      "1001": {
        "x": 10.24560164915884,
        "y": 16.042121067022215
      },
      "1002": {
        "x": 68.90774388109602,
        "y": 37.430800646815655
      },
      "1003": {
        "x": 23.575244425409053,
        "y": 31.905413911078448
      },
      "1004": {
        "x": 100.02854915222967,
        "y": -3.388200339328929
      },
      "1005": {
        "x": 86.50891721986922,
        "y": 15.828249455869932
      },
      "1006": {
        "x": 81.78298325557022,
        "y": 6.624084753764249
      },
      "1007": {
        "x": 64.33198794261227,
        "y": 31.442331511654345
      },
      "1008": {
        "x": 67.58081575149735,
        "y": 7.433833325460701
      },
      "1009": {
        "x": 64.75775187301144,
        "y": 38.916244827637016
      }
    }
  },
  "time_windows": {
    "e": {
      "1": 451.0,
      "2": 156.0,
      "3": 146.0,
      "4": 18.0,
      "5": 1.0,
      "6": 83.0,
      "7": 137.0,
      "8": 124.0,
      "9": 310.0,
      "10": 401.0,
      "11": 28.0,
      "12": 428.0,
      "13": 72.0,
      "14": 471.0,
      "15": 349.0,
      "16": 24.0,
      "17": 173.0,
      "18": 120.0,
      "19": 271.0,
      "20": 98.0,
      "21": 249.0,
      "22": 128.0,
      "23": 337.0,
      "24": 379.0,
      "25": 56.0
    },
    "l": {
      "1": 571.0,
      "2": 276.0,
      "3": 266.0,
      "4": 138.0,
      "5": 121.0,
      "6": 203.0,
      "7": 257.0,
      "8": 244.0,
      "9": 430.0,
      "10": 521.0,
      "11": 148.0,
      "12": 548.0,
      "13": 192.0,
      "14": 591.0,
      "15": 469.0,
      "16": 144.0,
      "17": 293.0,
      "18": 240.0,
      "19": 391.0,
      "20": 218.0,
      "21": 369.0,
      "22": 248.0,
      "23": 457.0,
      "24": 499.0,
      "25": 176.0
    }
  },
  "travel_time": {
    "matrix": {
      "1,1": 0.0,
      "1,2": 25.317977802344327,
      "1,3": 28.231188426986208,
      "1,4": 33.24154027718932,
      "1,5": 59.665735560705194,
      "1,6": 61.773780845922005,
      "1,7": 40.311288741492746,
      "1,8": 27.294688127912362,
      "1,9": 24.20743687382041,
      "1,10": 62.64982043070834,
      "1,11": 39.824615503479755,
      "1,12": 38.41874542459709,
      "1,13": 42.01190307520001,
      "1,14": 35.22782990761707,
      "1,15": 13.152946437965905,
      "1,16": 55.90169943749474,
      "1,17": 30.805843601498726,
      "1,18": 21.633307652783937,
      "1,19": 5.385164807134504,
      "1,20": 7.211102550927978,
      "1,21": 34.438350715445125,
      "1,22": 62.369864518050704,
      "1,23": 26.0,
      "1,24": 30.4138126514911,
      "1,25": 76.66159403508382,
      "1,1000": 39.19301195567633,
      "1,1001": 60.29607898168457,
      "1,1002": 3.30414301870932,
      "1,1003": 43.013870290139025,
      "1,1004": 54.35716774642325,
      "1,1005": 30.944235469806657,
      "1,1006": 36.018085019571075,
      "1,1007": 7.739548901798072,
      "1,1008": 31.60572506627522,
      "1,1009": 1.2450684069175195,
      "2,1": 25.317977802344327,
      "2,2": 0.0,
      "2,3": 42.190046219457976,
      "2,4": 52.55473337388365,
      "2,5": 34.48187929913333,
      "2,6": 38.948684188300895,
      "2,7": 16.97056274847714,
      "2,8": 23.323807579381203,
      "2,9": 18.027756377319946,
      "2,10": 38.8329756778952,
      "2,11": 59.80802621722272,
      "2,12": 58.52349955359813,
      "2,13": 58.66856057549052,
      "2,14": 10.0,
      "2,15": 24.698178070456937,
      "2,16": 32.64965543462902,
      "2,17": 41.23105625617661,
      "2,18": 19.1049731745428,
      "2,19": 20.09975124224178,
      "2,20": 29.068883707497267,
      "2,21": 28.792360097775937,
      "2,22": 37.107950630558946,
      "2,23": 33.301651610693426,
      "2,24": 49.9799959983992,
      "2,25": 53.907327887774215,
      "2,1000": 59.31357366524518,
      "2,1001": 36.12802501604072,
      "2,1002": 28.01340679598631,
      "2,1003": 17.697417040234573,
      "2,1004": 70.4132341276102,
      "2,1005": 49.38236087360811,
      "2,1006": 49.68344079555758,
      "2,1007": 23.60166660274592,
      "2,1008": 38.294037540373445,
      "2,1009": 24.078366796973015,
      "3,1": 28.231188426986208,
      "3,2": 42.190046219457976,
      "3,3": 0.0,
      "3,4": 13.341664064126334,
      "3,5": 70.03570517957252,
      "3,6": 65.12296062065974,
      "3,7": 49.03060268852505,
      "3,8": 24.08318915758459,
      "3,9": 26.92582403567252,
      "3,10": 68.0,
      "3,11": 20.024984394500787,
      "3,12": 19.1049731745428,
      "3,13": 16.55294535724685,
      "3,14": 50.99019513592785,
      "3,15": 18.384776310850235,
      "3,16": 61.00819617067857,
      "3,17": 5.656854249492381,
      "3,18": 24.351591323771842,
      "3,19": 28.844410203711913,
      "3,20": 21.18962010041709,
      "3,21": 26.476404589747453,
      "3,22": 73.16419889536138,
      "3,23": 11.0,
      "3,24": 12.083045973594572,
      "3,25": 78.08969202141856,
      "3,1000": 19.78467313488653,
      "3,1001": 66.82367993285916,
      "3,1002": 25.736134700812922,
      "3,1003": 56.67114947973073,
      "3,1004": 28.264592450956,
      "3,1005": 9.920609944905298,
      "3,1006": 7.9705221943262,
      "3,1007": 22.374050171390063,
      "3,1008": 10.94089773994768,
      "3,1009": 28.66224668738962,
      "4,1": 33.24154027718932,
      "4,2": 52.55473337388365,
      "4,3": 13.341664064126334,
      "4,4": 0.0,
      "4,5": 82.49242389456137,
      "4,6": 78.31347265956222,
      "4,7": 61.40032573203501,
      "4,8": 37.013511046643494,
      "4,9": 39.20459156782532,
      "4,10": 81.05553651663777,
      "4,11": 7.280109889280518,
      "4,12": 6.082762530298219,
      "4,13": 10.198039027185569,
      "4,14": 61.98386886924694,
      "4,15": 27.85677655436824,
      "4,16": 74.02702209328699,
      "4,17": 18.384776310850235,
      "4,18": 36.345563690772494,
      "4,19": 35.805027579936315,
      "4,20": 26.248809496813376,
      "4,21": 39.81205847478876,
      "4,22": 85.58621384311844,
      "4,23": 24.186773244895647,
      "4,24": 2.8284271247461903,
      "4,25": 91.41115905621152,
      "4,1000": 6.848604884745646,
      "4,1001": 79.7544094736394,
      "4,1002": 30.069294713195326,
      "4,1003": 68.30249149794521,
      "4,1004": 21.828286934540714,
      "4,1005": 3.4953050263367063,
      "4,1006": 12.467042587672324,
      "4,1007": 29.9551739352993,
      "4,1008": 23.99997987216441,
      "4,1009": 34.09289321111744,
      "5,1": 59.665735560705194,
      "5,2": 34.48187929913333,
      "5,3": 70.03570517957252,
      "5,4": 82.49242389456137,
      "5,5": 0.0,
      "5,6": 16.492422502470642,
      "5,7": 21.095023109728988,
      "5,8": 46.09772228646444,
      "5,9": 43.289721643826724,
      "5,10": 12.041594578792296,
      "5,11": 89.67719888578144,
      "5,12": 88.56635930193812,
      "5,13": 86.12200647918046,
      "5,14": 25.079872407968907,
      "5,15": 56.00892785976178,
      "5,16": 13.601470508735444,
      "5,17": 66.94027188471824,
      "5,18": 46.17358552246078,
      "5,19": 54.3415126767741,
      "5,20": 62.51399843235114,
      "5,21": 46.238512086787566,
      "5,22": 3.1622776601683795,
      "5,23": 59.22837157984339,
      "5,24": 80.30566605165541,
      "5,25": 26.248809496813376,
      "5,1000": 89.31638587223912,
      "5,1001": 9.235059379592105,
      "5,1002": 62.163317715563274,
      "5,1003": 17.037399455156045,
      "5,1004": 96.30754787435005,
      "5,1005": 79.04284338939249,
      "5,1006": 76.03685211283141,
      "5,1007": 56.69917548670941,
      "5,1008": 62.11637318172698,
      "5,1009": 58.43889345103197,
      "6,1": 61.773780845922005,
      "6,2": 38.948684188300895,
      "6,3": 65.12296062065974,
      "6,4": 78.31347265956222,
      "6,5": 16.492422502470642,
      "6,6": 0.0,
      "6,7": 22.02271554554524,
      "6,8": 41.43669871020132,
      "6,9": 40.52159917870962,
      "6,10": 5.0,
      "6,11": 85.14693182963201,
      "6,12": 84.2140130857092,
      "6,13": 80.05623023850174,
      "6,14": 32.202484376209235,
      "6,15": 54.70831746635972,
      "6,16": 6.4031242374328485,
      "6,17": 61.0,
      "6,18": 43.68065933568311,
      "6,19": 56.43580423808985,
      "6,20": 62.76941930590086,
      "6,21": 39.01281840626232,
      "6,22": 18.384776310850235,
      "6,23": 54.147945482723536,
      "6,24": 76.53103945458993,
      "6,25": 15.0,
      "6,1000": 84.90385911200251,
      "6,1001": 7.25736747698725,
      "6,1002": 63.6144774328564,
      "6,1003": 25.664065732961905,
      "6,1004": 88.89596713852583,
      "6,1005": 74.82114497860155,
      "6,1006": 69.82341817259083,
      "6,1007": 56.94115564075522,
      "6,1008": 55.602877242588214,
      "6,1009": 60.64950195410809,
      "7,1": 40.311288741492746,
      "7,2": 16.97056274847714,
      "7,3": 49.03060268852505,
      "7,4": 61.40032573203501,
      "7,5": 21.095023109728988,
      "7,6": 22.02271554554524,
      "7,7": 0.0,
      "7,8": 25.298221281347036,
      "7,9": 22.20360331117452,
      "7,10": 22.360679774997898,
      "7,11": 68.59300255857006,
      "7,12": 67.47592163134935,
      "7,13": 65.25335240430181,
      "7,14": 12.165525060596439,
      "7,15": 35.12833614050059,
      "7,16": 15.811388300841896,
      "7,17": 46.17358552246078,
      "7,18": 25.079872407968907,
      "7,19": 34.92849839314596,
      "7,20": 42.20189569201838,
      "7,21": 26.627053911388696,
      "7,22": 24.186773244895647,
      "7,23": 38.3275357934736,
      "7,24": 59.21148537234985,
      "7,25": 37.013511046643494,
      "7,1000": 68.22752716769405,
      "7,1001": 20.003488114526668,
      "7,1002": 42.4367297159818,
      "7,1003": 10.427577377880496,
      "7,1004": 75.77197312871868,
      "7,1005": 57.954374862205185,
      "7,1006": 55.26494297029268,
      "7,1007": 36.3266064108605,
      "7,1008": 41.60270290486574,
      "7,1009": 39.140051972693335,
      "8,1": 27.294688127912362,
      "8,2": 23.323807579381203,
      "8,3": 24.08318915758459,
      "8,4": 37.013511046643494,
      "8,5": 46.09772228646444,
      "8,6": 41.43669871020132,
      "8,7": 25.298221281347036,
      "8,8": 0.0,
      "8,9": 5.385164807134504,
      "8,10": 44.04543109109048,
      "8,11": 44.01136216933077,
      "8,12": 43.0,
      "8,13": 40.024992192379,
      "8,14": 29.732137494637012,
      "8,15": 15.556349186104045,
      "8,16": 37.013511046643494,
      "8,17": 20.8806130178211,
      "8,18": 6.082762530298219,
      "8,19": 23.40939982143925,
      "8,20": 24.758836806279895,
      "8,21": 7.280109889280518,
      "8,22": 49.24428900898052,
      "8,23": 13.152946437965905,
      "8,24": 35.12833614050059,
      "8,25": 55.08175741568164,
      "8,1000": 43.71666073003485,
      "8,1001": 42.767097103506345,
      "8,1002": 27.499038765813864,
      "8,1003": 33.93536886685197,
      "8,1004": 50.49564681319548,
      "8,1005": 33.51915169584691,
      "8,1006": 29.976925814742245,
      "8,1007": 19.9690815079375,
      "8,1008": 16.427022436401018,
      "8,1009": 26.65016877550269,
      "9,1": 24.20743687382041,
      "9,2": 18.027756377319946,
      "9,3": 26.92582403567252,
      "9,4": 39.20459156782532,
      "9,5": 43.289721643826724,
      "9,6": 40.52159917870962,
      "9,7": 22.20360331117452,
      "9,8": 5.385164807134504,
      "9,9": 0.0,
      "9,10": 42.579337712087536,
      "9,11": 46.389654018972806,
      "9,12": 45.27692569068709,
      "9,13": 43.32435804486894,
      "9,14": 25.0,
      "9,15": 14.317821063276353,
      "9,16": 35.510561809129406,
      "9,17": 24.596747752497688,
      "9,18": 3.1622776601683795,
      "9,19": 19.72308292331602,
      "9,20": 23.021728866442675,
      "9,21": 12.0,
      "9,22": 46.389654018972806,
      "9,23": 16.55294535724685,
      "9,24": 37.05401462729781,
      "9,25": 54.78138369920935,
      "9,1000": 46.0266685750506,
      "9,1001": 40.94613279159772,
      "9,1002": 24.99040019887559,
      "9,1003": 29.897426289233618,
      "9,1004": 54.32132681631761,
      "9,1005": 35.753135592979454,
      "9,1006": 33.563479658509756,
      "9,1007": 17.568974156864055,
      "9,1008": 20.804614773588213,
      "9,1009": 23.390170050225244,
      "10,1": 62.64982043070834,
      "10,2": 38.8329756778952,
      "10,3": 68.0,
      "10,4": 81.05553651663777,
      "10,5": 12.041594578792296,
      "10,6": 5.0,
      "10,7": 22.360679774997898,
      "10,8": 44.04543109109048,
      "10,9": 42.579337712087536,
      "10,10": 0.0,
      "10,11": 88.0056816347672,
      "10,12": 87.02298546935747,
      "10,13": 83.2946576918352,
      "10,14": 31.11269837220809,
      "10,15": 56.515484603779164,
      "10,16": 7.0710678118654755,
      "10,17": 64.1248781675256,
      "10,18": 45.70557952810576,
      "10,19": 57.271284253105414,
      "10,20": 64.19501538281614,
      "10,21": 42.2965719651132,
      "10,22": 13.601470508735444,
      "10,23": 57.0,
      "10,24": 79.1580697086532,
      "10,25": 15.811388300841896,
      "10,1000": 87.73092028308119,
      "10,1001": 3.287251748011947,
      "10,1002": 64.69777273730098,
      "10,1003": 23.871581958672454,
      "10,1004": 92.49199895732535,
      "10,1005": 77.56050053720107,
      "10,1006": 73.06172011941544,
      "10,1007": 58.324510124536395,
      "10,1008": 58.84466148733998,
      "10,1009": 61.48641020500655,
      "11,1": 39.824615503479755,
      "11,2": 59.80802621722272,
      "11,3": 20.024984394500787,
      "11,4": 7.280109889280518,
      "11,5": 89.67719888578144,
      "11,6": 85.14693182963201,
      "11,7": 68.59300255857006,
      "11,8": 44.01136216933077,
      "11,9": 46.389654018972806,
      "11,10": 88.0056816347672,
      "11,11": 0.0,
      "11,12": 1.4142135623730951,
      "11,13": 9.433981132056603,
      "11,14": 69.26037828369117,
      "11,15": 35.11409973215888,
      "11,16": 81.0,
      "11,17": 24.515301344262525,
      "11,18": 43.56604182158393,
      "11,19": 42.720018726587654,
      "11,20": 33.015148038438355,
      "11,21": 46.389654018972806,
      "11,22": 92.77930803794561,
      "11,23": 31.016124838541646,
      "11,24": 9.848857801796104,
      "11,25": 98.00510190801293,
      "11,1000": 0.7145104633261791,
      "11,1001": 86.77842987556762,
      "11,1002": 36.58110540703923,
      "11,1003": 75.5764419545897,
      "11,1004": 17.649975099362315,
      "11,1005": 10.649193113679802,
      "11,1006": 16.910402843217824,
      "11,1007": 37.03287647947537,
      "11,1008": 30.14304142990844,
      "11,1009": 40.74778301445424,
      "12,1": 38.41874542459709,
      "12,2": 58.52349955359813,
      "12,3": 19.1049731745428,
      "12,4": 6.082762530298219,
      "12,5": 88.56635930193812,
      "12,6": 84.2140130857092,
      "12,7": 67.47592163134935,
      "12,8": 43.0,
      "12,9": 45.27692569068709,
      "12,10": 87.02298546935747,
      "12,11": 1.4142135623730951,
      "12,12": 0.0,
      "12,13": 9.848857801796104,
      "12,14": 68.00735254367721,
      "12,15": 33.83784863137726,
      "12,16": 80.00624975587844,
      "12,17": 23.769728648009426,
      "12,18": 42.42640687119285,
      "12,19": 41.340053217188775,
      "12,20": 31.622776601683793,
      "12,21": 45.5411901469428,
      "12,22": 91.6624241442479,
      "12,23": 30.066592756745816,
      "12,24": 8.54400374531753,
      "12,25": 97.16480844420988,
      "12,1000": 0.7940067019838417,
      "12,1001": 85.76073024894949,
      "12,1002": 35.172875334118984,
      "12,1003": 74.37162254209684,
      "12,1004": 18.824322563939106,
      "12,1005": 9.527153273693244,
      "12,1006": 16.500894561311558,
      "12,1007": 35.682113911678435,
      "12,1008": 29.409129730361794,
      "12,1009": 39.345455070233896,
      "13,1": 42.01190307520001,
      "13,2": 58.66856057549052,
      "13,3": 16.55294535724685,
      "13,4": 10.198039027185569,
      "13,5": 86.12200647918046,
      "13,6": 80.05623023850174,
      "13,7": 65.25335240430181,
      "13,8": 40.024992192379,
      "13,9": 43.32435804486894,
      "13,10": 83.2946576918352,
      "13,11": 9.433981132056603,
      "13,12": 9.848857801796104,
      "13,13": 0.0,
      "13,14": 67.54257916307313,
      "13,15": 34.40930106817051,
      "13,16": 76.4198926981712,
      "13,17": 19.235384061671343,
      "13,18": 40.85339643163099,
      "13,19": 43.840620433565945,
      "13,20": 34.828149534535996,
      "13,21": 41.048751503547585,
      "13,22": 89.26925562588724,
      "13,23": 26.92582403567252,
      "13,24": 12.649110640673518,
      "13,25": 92.19544457292888,
      "13,1000": 9.856419619506552,
      "13,1001": 82.36884025669386,
      "13,1002": 39.00189126133405,
      "13,1003": 73.16445616108146,
      "13,1004": 12.35297158991081,
      "13,1005": 11.258173806841693,
      "13,1006": 10.236059443742967,
      "13,1007": 37.5876458953826,
      "13,1008": 24.461243577699015,
      "13,1009": 42.72726596174101,
      "14,1": 35.22782990761707,
      "14,2": 10.0,
      "14,3": 50.99019513592785,
      "14,4": 61.98386886924694,
      "14,5": 25.079872407968907,
      "14,6": 32.202484376209235,
      "14,7": 12.165525060596439,
      "14,8": 29.732137494637012,
      "14,9": 25.0,
      "14,10": 31.11269837220809,
      "14,11": 69.26037828369117,
      "14,12": 68.00735254367721,
      "14,13": 67.54257916307313,
      "14,14": 0.0,
      "14,15": 34.20526275297414,
      "14,16": 25.80697580112788,
      "14,17": 49.39635614091387,
      "14,18": 26.92582403567252,
      "14,19": 30.066592756745816,
      "14,20": 39.05124837953327,
      "14,21": 33.60059523282288,
      "14,22": 27.51363298439521,
      "14,23": 41.340053217188775,
      "14,24": 59.481089431852205,
      "14,25": 46.75467891024384,
      "14,1000": 68.79248550903226,
      "14,1001": 28.10953974263615,
      "14,1002": 37.98560040251217,
      "14,1003": 8.043845995801146,
      "14,1004": 78.98477399698147,
      "14,1005": 58.72644983181467,
      "14,1006": 58.173051788582306,
      "14,1007": 33.52131300052875,
      "14,1008": 45.804471683160784,
      "14,1009": 33.98415491180855,
      "15,1": 13.152946437965905,
      "15,2": 24.698178070456937,
      "15,3": 18.384776310850235,
      "15,4": 27.85677655436824,
      "15,5": 56.00892785976178,
      "15,6": 54.70831746635972,
      "15,7": 35.12833614050059,
      "15,8": 15.556349186104045,
      "15,9": 14.317821063276353,
      "15,10": 56.515484603779164,
      "15,11": 35.11409973215888,
      "15,12": 33.83784863137726,
      "15,13": 34.40930106817051,
      "15,14": 34.20526275297414,
      "15,15": 0.0,
      "15,16": 49.47726750741192,
      "15,17": 19.235384061671343,
      "15,18": 11.180339887498949,
      "15,19": 11.40175425099138,
      "15,20": 9.219544457292887,
      "15,21": 22.20360331117452,
      "15,22": 59.0,
      "15,23": 13.152946437965905,
      "15,24": 25.298221281347036,
      "15,25": 69.07966415668217,
      "15,1000": 34.62646776357654,
      "15,1001": 54.66895549491281,
      "15,1002": 12.439821278044016,
      "15,1003": 40.853822057753426,
      "15,1004": 46.49432947359455,
      "15,1005": 24.700523547952084,
      "15,1006": 26.29944077537014,
      "15,1007": 5.452447916008533,
      "15,1008": 18.908325849554878,
      "15,1009": 12.93845308947373,
      "16,1": 55.90169943749474,
      "16,2": 32.64965543462902,
      "16,3": 61.00819617067857,
      "16,4": 74.02702209328699,
      "16,5": 13.601470508735444,
      "16,6": 6.4031242374328485,
      "16,7": 15.811388300841896,
      "16,8": 37.013511046643494,
      "16,9": 35.510561809129406,
      "16,10": 7.0710678118654755,
      "16,11": 81.0,
      "16,12": 80.00624975587844,
      "16,13": 76.4198926981712,
      "16,14": 25.80697580112788,
      "16,15": 49.47726750741192,
      "16,16": 0.0,
      "16,17": 57.21887800367987,
      "16,18": 38.63935817272331,
      "16,19": 50.53711507397311,
      "16,20": 57.245087125446844,
      "16,21": 35.510561809129406,
      "16,22": 16.278820596099706,
      "16,23": 50.00999900019995,
      "16,24": 72.11102550927978,
      "16,25": 21.2602916254693,
      "16,1000": 80.7179624489034,
      "16,1001": 6.106010058339195,
      "16,1002": 57.863907416786766,
      "16,1003": 19.441917997762786,
      "16,1004": 85.80877917596379,
      "16,1005": 70.53261588507304,
      "16,1006": 66.1952038422897,
      "16,1007": 51.38303209277619,
      "16,1008": 51.99706817107815,
      "16,1009": 54.75525202225718,
      "17,1": 30.805843601498726,
      "17,2": 41.23105625617661,
      "17,3": 5.656854249492381,
      "17,4": 18.384776310850235,
      "17,5": 66.94027188471824,
      "17,6": 61.0,
      "17,7": 46.17358552246078,
      "17,8": 20.8806130178211,
      "17,9": 24.596747752497688,
      "17,10": 64.1248781675256,
      "17,11": 24.515301344262525,
      "17,12": 23.769728648009426,
      "17,13": 19.235384061671343,
      "17,14": 49.39635614091387,
      "17,15": 19.235384061671343,
      "17,16": 57.21887800367987,
      "17,17": 0.0,
      "17,18": 22.47220505424423,
      "17,19": 30.463092423455635,
      "17,20": 24.186773244895647,
      "17,21": 22.02271554554524,
      "17,22": 70.09279563550022,
      "17,23": 8.06225774829855,
      "17,24": 17.4928556845359,
      "17,25": 73.55270219373317,
      "17,1000": 24.38028790942159,
      "17,1001": 63.148285657638034,
      "17,1002": 28.723805206860746,
      "17,1003": 54.47443850142822,
      "17,1004": 29.732305274260938,
      "17,1005": 15.136572765486482,
      "17,1006": 9.098668480877972,
      "17,1007": 24.05811041428675,
      "17,1008": 5.640960553988715,
      "17,1009": 31.03089361868209,
      "18,1": 21.633307652783937,
      "18,2": 19.1049731745428,
      "18,3": 24.351591323771842,
      "18,4": 36.345563690772494,
      "18,5": 46.17358552246078,
      "18,6": 43.68065933568311,
      "18,7": 25.079872407968907,
      "18,8": 6.082762530298219,
      "18,9": 3.1622776601683795,
      "18,10": 45.70557952810576,
      "18,11": 43.56604182158393,
      "18,12": 42.42640687119285,
      "18,13": 40.85339643163099,
      "18,14": 26.92582403567252,
      "18,15": 11.180339887498949,
      "18,16": 38.63935817272331,
      "18,17": 22.47220505424423,
      "18,18": 0.0,
      "18,19": 17.46424919657298,
      "18,20": 20.0,
      "18,21": 13.341664064126334,
      "18,22": 49.25444142409901,
      "18,23": 14.422205101855956,
      "18,24": 34.132096331752024,
      "18,25": 57.9396237474839,
      "18,1000": 43.183929012202725,
      "18,1001": 44.03439494938197,
      "18,1002": 22.185852192777126,
      "18,1003": 32.32017642813149,
      "18,1004": 52.090418052176034,
      "18,1005": 32.91772626563109,
      "18,1006": 31.281961219627014,
      "18,1007": 14.689869374694068,
      "18,1008": 19.19581815702314,
      "18,1009": 20.897871998964664,
      "19,1": 5.385164807134504,
      "19,2": 20.09975124224178,
      "19,3": 28.844410203711913,
      "19,4": 35.805027579936315,
      "19,5": 54.3415126767741,
      "19,6": 56.43580423808985,
      "19,7": 34.92849839314596,
      "19,8": 23.40939982143925,
      "19,9": 19.72308292331602,
      "19,10": 57.271284253105414,
      "19,11": 42.720018726587654,
      "19,12": 41.340053217188775,
      "19,13": 43.840620433565945,
      "19,14": 30.066592756745816,
      "19,15": 11.40175425099138,
      "19,16": 50.53711507397311,
      "19,17": 30.463092423455635,
      "19,18": 17.46424919657298,
      "19,19": 0.0,
      "19,20": 9.848857801796104,
      "19,21": 30.675723300355934,
      "19,22": 57.0701322935211,
      "19,23": 24.515301344262525,
      "19,24": 33.015148038438355,
      "19,25": 71.34423592694787,
      "19,1000": 42.1291653415323,
      "19,1001": 54.91121598840461,
      "19,1002": 7.919469836189061,
      "19,1003": 37.76992371233107,
      "19,1004": 56.16435146583442,
      "19,1005": 33.15038278561821,
      "19,1006": 36.80527978494131,
      "19,1007": 6.47995545324687,
      "19,1008": 30.289690453713686,
      "19,1009": 4.218138615380797,
      "20,1": 7.211102550927978,
      "20,2": 29.068883707497267,
      "20,3": 21.18962010041709,
      "20,4": 26.248809496813376,
      "20,5": 62.51399843235114,
      "20,6": 62.76941930590086,
      "20,7": 42.20189569201838,
      "20,8": 24.758836806279895,
      "20,9": 23.021728866442675,
      "20,10": 64.19501538281614,
      "20,11": 33.015148038438355,
      "20,12": 31.622776601683793,
      "20,13": 34.828149534535996,
      "20,14": 39.05124837953327,
      "20,15": 9.219544457292887,
      "20,16": 57.245087125446844,
      "20,17": 24.186773244895647,
      "20,18": 20.0,
      "20,19": 9.848857801796104,
      "20,20": 0.0,
      "20,21": 31.400636936215164,
      "20,22": 65.37583651472461,
      "20,23": 20.396078054371138,
      "20,24": 23.430749027719962,
      "20,25": 77.38862965578342,
      "20,1000": 32.407311919192274,
      "20,1001": 62.11407071007776,
      "20,1002": 4.563443634044931,
      "20,1003": 46.4376576591302,
      "20,1004": 47.17854266637548,
      "20,1005": 23.82044005727698,
      "20,1006": 28.88819135005962,
      "20,1007": 5.878153774977114,
      "20,1008": 25.680368588837023,
      "20,1009": 7.904626384937923,
      "21,1": 34.438350715445125,
      "21,2": 28.792360097775937,
      "21,3": 26.476404589747453,
      "21,4": 39.81205847478876,
      "21,5": 46.238512086787566,
      "21,6": 39.01281840626232,
      "21,7": 26.627053911388696,
      "21,8": 7.280109889280518,
      "21,9": 12.0,
      "21,10": 42.2965719651132,
      "21,11": 46.389654018972806,
      "21,12": 45.5411901469428,
      "21,13": 41.048751503547585,
      "21,14": 33.60059523282288,
      "21,15": 22.20360331117452,
      "21,16": 35.510561809129406,
      "21,17": 22.02271554554524,
      "21,18": 13.341664064126334,
      "21,19": 30.675723300355934,
      "21,20": 31.400636936215164,
      "21,21": 0.0,
      "21,22": 49.39635614091387,
      "21,23": 15.811388300841896,
      "21,24": 38.3275357934736,
      "21,25": 51.62363799656123,
      "21,1000": 46.19721217467539,
      "21,1001": 41.54030207155079,
      "21,1002": 34.45082462907872,
      "21,1003": 36.38112192588404,
      "21,1004": 50.333783276655176,
      "21,1005": 36.3615826342976,
      "21,1006": 30.813717738655622,
      "21,1007": 26.96821850260527,
      "21,1008": 16.590479067479084,
      "21,1009": 33.83917745515902,
      "22,1": 62.369864518050704,
      "22,2": 37.107950630558946,
      "22,3": 73.16419889536138,
      "22,4": 85.58621384311844,
      "22,5": 3.1622776601683795,
      "22,6": 18.384776310850235,
      "22,7": 24.186773244895647,
      "22,8": 49.24428900898052,
      "22,9": 46.389654018972806,
      "22,10": 13.601470508735444,
      "22,11": 92.77930803794561,
      "22,12": 91.6624241442479,
      "22,13": 89.26925562588724,
      "22,14": 27.51363298439521,
      "22,15": 59.0,
      "22,16": 16.278820596099706,
      "22,17": 70.09279563550022,
      "22,18": 49.25444142409901,
      "22,19": 57.0701322935211,
      "22,20": 65.37583651472461,
      "22,21": 49.39635614091387,
      "22,22": 0.0,
      "22,23": 62.369864518050704,
      "22,24": 83.38465086573187,
      "22,25": 26.476404589747453,
      "22,1000": 92.4142733295723,
      "22,1001": 11.255029520418892,
      "22,1002": 64.9219757200827,
      "22,1003": 19.49137293586188,
      "22,1004": 99.46904781469593,
      "22,1005": 82.14114739573282,
      "22,1006": 79.18997795967925,
      "22,1007": 59.581068851649796,
      "22,1008": 65.27680326968864,
      "22,1009": 61.137699411769354,
      "23,1": 26.0,
      "23,2": 33.301651610693426,
      "23,3": 11.0,
      "23,4": 24.186773244895647,
      "23,5": 59.22837157984339,
      "23,6": 54.147945482723536,
      "23,7": 38.3275357934736,
      "23,8": 13.152946437965905,
      "23,9": 16.55294535724685,
      "23,10": 57.0,
      "23,11": 31.016124838541646,
      "23,12": 30.066592756745816,
      "23,13": 26.92582403567252,
      "23,14": 41.340053217188775,
      "23,15": 13.152946437965905,
      "23,16": 50.00999900019995,
      "23,17": 8.06225774829855,
      "23,18": 14.422205101855956,
      "23,19": 24.515301344262525,
      "23,20": 20.396078054371138,
      "23,21": 15.811388300841896,
      "23,22": 62.369864518050704,
      "23,23": 0.0,
      "23,24": 22.561028345356956,
      "23,25": 67.26812023536856,
      "23,1000": 30.759875435037827,
      "23,1001": 55.837330130036655,
      "23,1002": 24.603231387817733,
      "23,1003": 46.446469841237494,
      "23,1004": 37.76923705567391,
      "23,1005": 20.703011387623704,
      "23,1006": 17.02218715890503,
      "23,1007": 18.517609343793538,
      "23,1008": 5.786293277127769,
      "23,1009": 25.946000199935035,
      "24,1": 30.4138126514911,
      "24,2": 49.9799959983992,
      "24,3": 12.083045973594572,
      "24,4": 2.8284271247461903,
      "24,5": 80.30566605165541,
      "24,6": 76.53103945458993,
      "24,7": 59.21148537234985,
      "24,8": 35.12833614050059,
      "24,9": 37.05401462729781,
      "24,10": 79.1580697086532,
      "24,11": 9.848857801796104,
      "24,12": 8.54400374531753,
      "24,13": 12.649110640673518,
      "24,14": 59.481089431852205,
      "24,15": 25.298221281347036,
      "24,16": 72.11102550927978,
      "24,17": 17.4928556845359,
      "24,18": 34.132096331752024,
      "24,19": 33.015148038438355,
      "24,20": 23.430749027719962,
      "24,21": 38.3275357934736,
      "24,22": 83.38465086573187,
      "24,23": 22.561028345356956,
      "24,24": 0.0,
      "24,25": 89.82204629154248,
      "24,1000": 9.33505392317298,
      "24,1001": 77.7790444324015,
      "24,1002": 27.240966529954807,
      "24,1003": 65.90834292321573,
      "24,1004": 24.538563700079823,
      "24,1005": 2.6343553828463975,
      "24,1006": 12.963901607543129,
      "24,1007": 27.218946916033804,
      "24,1008": 22.99101919377311,
      "24,1009": 31.26805711402861,
      "25,1": 76.66159403508382,
      "25,2": 53.907327887774215,
      "25,3": 78.08969202141856,
      "25,4": 91.41115905621152,
      "25,5": 26.248809496813376,
      "25,6": 15.0,
      "25,7": 37.013511046643494,
      "25,8": 55.08175741568164,
      "25,9": 54.78138369920935,
      "25,10": 15.811388300841896,
      "25,11": 98.00510190801293,
      "25,12": 97.16480844420988,
      "25,13": 92.19544457292888,
      "25,14": 46.75467891024384,
      "25,15": 69.07966415668217,
      "25,16": 21.2602916254693,
      "25,17": 73.55270219373317,
      "25,18": 57.9396237474839,
      "25,19": 71.34423592694787,
      "25,20": 77.38862965578342,
      "25,21": 51.62363799656123,
      "25,22": 26.476404589747453,
      "25,23": 67.26812023536856,
      "25,24": 89.82204629154248,
      "25,25": 0.0,
      "25,1000": 97.81936764484898,
      "25,1001": 19.03475772060796,
      "25,1002": 78.4177403643103,
      "25,1003": 39.670487601679646,
      "25,1004": 100.08591582755017,
      "25,1005": 87.94501827500767,
      "25,1006": 82.05080651039287,
      "25,1007": 71.604642890927,
      "25,1008": 67.98844413243006,
      "25,1009": 75.55157535836763,
      "1000,1": 39.19301195567633,
      "1000,2": 59.31357366524518,
      "1000,3": 19.78467313488653,
      "1000,4": 6.848604884745646,
      "1000,5": 89.31638587223912,
      "1000,6": 84.90385911200251,
      "1000,7": 68.22752716769405,
      "1000,8": 43.71666073003485,
      "1000,9": 46.0266685750506,
      "1000,10": 87.73092028308119,
      "1000,11": 0.7145104633261791,
      "1000,12": 0.7940067019838417,
      "1000,13": 9.856419619506552,
      "1000,14": 68.79248550903226,
      "1000,15": 34.62646776357654,
      "1000,16": 80.7179624489034,
      "1000,17": 24.38028790942159,
      "1000,18": 43.183929012202725,
      "1000,19": 42.1291653415323,
      "1000,20": 32.407311919192274,
      "1000,21": 46.19721217467539,
      "1000,22": 92.4142733295723,
      "1000,23": 30.759875435037827,
      "1000,24": 9.33505392317298,
      "1000,25": 97.81936764484898,
      "1000,1000": 0.0,
      "1000,1001": 86.4808201295717,
      "1000,1002": 35.94414888000825,
      "1000,1003": 75.14674335302524,
      "1000,1004": 18.34521744649414,
      "1000,1005": 10.27355855028846,
      "1000,1006": 16.95509445775112,
      "1000,1007": 36.475773779762854,
      "1000,1008": 30.016136856661202,
      "1000,1009": 40.12326572311762,
      "1001,1": 60.29607898168457,
      "1001,2": 36.12802501604072,
      "1001,3": 66.82367993285916,
      "1001,4": 79.7544094736394,
      "1001,5": 9.235059379592105,
      "1001,6": 7.25736747698725,
      "1001,7": 20.003488114526668,
      "1001,8": 42.767097103506345,
      "1001,9": 40.94613279159772,
      "1001,10": 3.287251748011947,
      "1001,11": 86.77842987556762,
      "1001,12": 85.76073024894949,
      "1001,13": 82.36884025669386,
      "1001,14": 28.10953974263615,
      "1001,15": 54.66895549491281,
      "1001,16": 6.106010058339195,
      "1001,17": 63.148285657638034,
      "1001,18": 44.03439494938197,
      "1001,19": 54.91121598840461,
      "1001,20": 62.11407071007776,
      "1001,21": 41.54030207155079,
      "1001,22": 11.255029520418892,
      "1001,23": 55.837330130036655,
      "1001,24": 77.7790444324015,
      "1001,25": 19.03475772060796,
      "1001,1000": 86.4808201295717,
      "1001,1001": 0.0,
      "1001,1002": 62.43975132403316,
      "1001,1003": 20.720121534361837,
      "1001,1004": 91.86139043305016,
      "1001,1005": 76.26361545916777,
      "1001,1006": 72.15466980798381,
      "1001,1007": 56.236141973144136,
      "1001,1008": 57.977835368376034,
      "1001,1009": 59.11683398021071,
      "1002,1": 3.30414301870932,
      "1002,2": 28.01340679598631,
      "1002,3": 25.736134700812922,
      "1002,4": 30.069294713195326,
      "1002,5": 62.163317715563274,
      "1002,6": 63.6144774328564,
      "1002,7": 42.4367297159818,
      "1002,8": 27.499038765813864,
      "1002,9": 24.99040019887559,
      "1002,10": 64.69777273730098,
      "1002,11": 36.58110540703923,
      "1002,12": 35.172875334118984,
      "1002,13": 39.00189126133405,
      "1002,14": 37.98560040251217,
      "1002,15": 12.439821278044016,
      "1002,16": 57.863907416786766,
      "1002,17": 28.723805206860746,
      "1002,18": 22.185852192777126,
      "1002,19": 7.919469836189061,
      "1002,20": 4.563443634044931,
      "1002,21": 34.45082462907872,
      "1002,22": 64.9219757200827,
      "1002,23": 24.603231387817733,
      "1002,24": 27.240966529954807,
      "1002,25": 78.4177403643103,
      "1002,1000": 35.94414888000825,
      "1002,1001": 62.43975132403316,
      "1002,1002": 0.0,
      "1002,1003": 45.667991038355524,
      "1002,1004": 51.3292836715134,
      "1002,1005": 27.865238575310475,
      "1002,1006": 33.38900317567442,
      "1002,1007": 7.5365313633891935,
      "1002,1008": 30.026301582771683,
      "1002,1009": 4.407831448853499,
      "1003,1": 43.013870290139025,
      "1003,2": 17.697417040234573,
      "1003,3": 56.67114947973073,
      "1003,4": 68.30249149794521,
      "1003,5": 17.037399455156045,
      "1003,6": 25.664065732961905,
      "1003,7": 10.427577377880496,
      "1003,8": 33.93536886685197,
      "1003,9": 29.897426289233618,
      "1003,10": 23.871581958672454,
      "1003,11": 75.5764419545897,
      "1003,12": 74.37162254209684,
      "1003,13": 73.16445616108146,
      "1003,14": 8.043845995801146,
      "1003,15": 40.853822057753426,
      "1003,16": 19.441917997762786,
      "1003,17": 54.47443850142822,
      "1003,18": 32.32017642813149,
      "1003,19": 37.76992371233107,
      "1003,20": 46.4376576591302,
      "1003,21": 36.38112192588404,
      "1003,22": 19.49137293586188,
      "1003,23": 46.446469841237494,
      "1003,24": 65.90834292321573,
      "1003,25": 39.670487601679646,
      "1003,1000": 75.14674335302524,
      "1003,1001": 20.720121534361837,
      "1003,1002": 45.667991038355524,
      "1003,1003": 0.0,
      "1003,1004": 84.20657344001506,
      "1003,1005": 64.9547718672,
      "1003,1006": 63.460905002061835,
      "1003,1007": 40.759374227725125,
      "1003,1008": 50.35224487640872,
      "1003,1009": 41.77500053635427,
      "1004,1": 54.35716774642325,
      "1004,2": 70.4132341276102,
      "1004,3": 28.264592450956,
      "1004,4": 21.828286934540714,
      "1004,5": 96.30754787435005,
      "1004,6": 88.89596713852583,
      "1004,7": 75.77197312871868,
      "1004,8": 50.49564681319548,
      "1004,9": 54.32132681631761,
      "1004,10": 92.49199895732535,
      "1004,11": 17.649975099362315,
      "1004,12": 18.824322563939106,
      "1004,13": 12.35297158991081,
      "1004,14": 78.98477399698147,
      "1004,15": 46.49432947359455,
      "1004,16": 85.80877917596379,
      "1004,17": 29.732305274260938,
      "1004,18": 52.090418052176034,
      "1004,19": 56.16435146583442,
      "1004,20": 47.17854266637548,
      "1004,21": 50.333783276655176,
      "1004,22": 99.46904781469593,
      "1004,23": 37.76923705567391,
      "1004,24": 24.538563700079823,
      "1004,25": 100.08591582755017,
      "1004,1000": 18.34521744649414,
      "1004,1001": 91.86139043305016,
      "1004,1002": 51.3292836715134,
      "1004,1003": 84.20657344001506,
      "1004,1004": 0.0,
      "1004,1005": 23.495795162494478,
      "1004,1006": 20.81217258420462,
      "1004,1007": 49.873945414558115,
      "1004,1008": 34.20485075960484,
      "1004,1009": 55.078990745987134,
      "1005,1": 30.944235469806657,
      "1005,2": 49.38236087360811,
      "1005,3": 9.920609944905298,
      "1005,4": 3.4953050263367063,
      "1005,5": 79.04284338939249,
      "1005,6": 74.82114497860155,
      "1005,7": 57.954374862205185,
      "1005,8": 33.51915169584691,
      "1005,9": 35.753135592979454,
      "1005,10": 77.56050053720107,
